(kicad_pcb (version 20171130) (host pcbnew 5.1.4-e60b266~84~ubuntu19.04.1)

  (general
    (thickness 1.6)
    (drawings 4)
    (tracks 53)
    (zones 0)
    (modules 59)
    (nets 87)
  )

  (page A4)
  (layers
    (0 F.Cu signal)
    (31 B.Cu signal)
    (32 B.Adhes user)
    (33 F.Adhes user)
    (34 B.Paste user)
    (35 F.Paste user)
    (36 B.SilkS user)
    (37 F.SilkS user)
    (38 B.Mask user)
    (39 F.Mask user)
    (40 Dwgs.User user)
    (41 Cmts.User user)
    (42 Eco1.User user)
    (43 Eco2.User user)
    (44 Edge.Cuts user)
    (45 Margin user)
    (46 B.CrtYd user)
    (47 F.CrtYd user)
    (48 B.Fab user)
    (49 F.Fab user)
  )

  (setup
    (last_trace_width 0.25)
    (trace_clearance 0.2)
    (zone_clearance 0.508)
    (zone_45_only no)
    (trace_min 0.2)
    (via_size 0.8)
    (via_drill 0.4)
    (via_min_size 0.4)
    (via_min_drill 0.3)
    (uvia_size 0.3)
    (uvia_drill 0.1)
    (uvias_allowed no)
    (uvia_min_size 0.2)
    (uvia_min_drill 0.1)
    (edge_width 0.05)
    (segment_width 0.2)
    (pcb_text_width 0.3)
    (pcb_text_size 1.5 1.5)
    (mod_edge_width 0.12)
    (mod_text_size 1 1)
    (mod_text_width 0.15)
    (pad_size 1.524 1.524)
    (pad_drill 0.762)
    (pad_to_mask_clearance 0.051)
    (solder_mask_min_width 0.25)
    (aux_axis_origin 0 0)
    (visible_elements FFFFFF7F)
    (pcbplotparams
      (layerselection 0x010fc_ffffffff)
      (usegerberextensions false)
      (usegerberattributes false)
      (usegerberadvancedattributes false)
      (creategerberjobfile false)
      (excludeedgelayer true)
      (linewidth 0.100000)
      (plotframeref false)
      (viasonmask false)
      (mode 1)
      (useauxorigin false)
      (hpglpennumber 1)
      (hpglpenspeed 20)
      (hpglpendiameter 15.000000)
      (psnegative false)
      (psa4output false)
      (plotreference true)
      (plotvalue true)
      (plotinvisibletext false)
      (padsonsilk false)
      (subtractmaskfromsilk false)
      (outputformat 1)
      (mirror false)
      (drillshape 1)
      (scaleselection 1)
      (outputdirectory ""))
  )

  (net 0 "")
  (net 1 GND)
  (net 2 "Net-(C1-Pad2)")
  (net 3 VCC)
  (net 4 +3V3)
  (net 5 "Net-(C9-Pad2)")
  (net 6 "Net-(D1-Pad2)")
  (net 7 "Net-(J1-Pad2)")
  (net 8 "Net-(J2-Pad10)")
  (net 9 WIRE_GOOD_0)
  (net 10 "Net-(J2-Pad12)")
  (net 11 MODULE_GOOD_0)
  (net 12 +12V)
  (net 13 "Net-(J3-Pad2)")
  (net 14 WIRE_GOOD_1)
  (net 15 MODULE_GOOD_1)
  (net 16 "Net-(J5-Pad12)")
  (net 17 "Net-(J5-Pad10)")
  (net 18 "Net-(J6-Pad3)")
  (net 19 "Net-(J6-Pad5)")
  (net 20 "Net-(J6-Pad7)")
  (net 21 "Net-(J6-Pad8)")
  (net 22 "Net-(J6-Pad10)")
  (net 23 "Net-(J6-Pad11)")
  (net 24 "Net-(J6-Pad12)")
  (net 25 "Net-(J6-Pad13)")
  (net 26 "Net-(J6-Pad15)")
  (net 27 "Net-(J6-Pad16)")
  (net 28 "Net-(J6-Pad18)")
  (net 29 "Net-(J6-Pad19)")
  (net 30 "Net-(J6-Pad21)")
  (net 31 "Net-(J6-Pad22)")
  (net 32 "Net-(J6-Pad23)")
  (net 33 "Net-(J6-Pad24)")
  (net 34 "Net-(J6-Pad26)")
  (net 35 "Net-(J6-Pad27)")
  (net 36 "Net-(J6-Pad28)")
  (net 37 "Net-(J6-Pad29)")
  (net 38 "Net-(J6-Pad31)")
  (net 39 "Net-(J6-Pad32)")
  (net 40 "Net-(J6-Pad33)")
  (net 41 "Net-(J6-Pad35)")
  (net 42 "Net-(J6-Pad36)")
  (net 43 "Net-(J6-Pad37)")
  (net 44 "Net-(J6-Pad38)")
  (net 45 "Net-(J6-Pad40)")
  (net 46 "Net-(J7-Pad10)")
  (net 47 WIRE_GOOD_2)
  (net 48 "Net-(J7-Pad12)")
  (net 49 MODULE_GOOD_2)
  (net 50 WIRE_GOOD_3)
  (net 51 MODULE_GOOD_3)
  (net 52 "Net-(J8-Pad12)")
  (net 53 "Net-(J8-Pad10)")
  (net 54 "Net-(J9-Pad1)")
  (net 55 "Net-(J10-Pad1)")
  (net 56 "Net-(J11-Pad2)")
  (net 57 "Net-(J12-Pad2)")
  (net 58 "Net-(R10-Pad1)")
  (net 59 "Net-(R12-Pad1)")
  (net 60 "Net-(R16-Pad1)")
  (net 61 "Net-(R17-Pad1)")
  (net 62 "Net-(R29-Pad1)")
  (net 63 "Net-(U2-Pad8)")
  (net 64 "Net-(U2-Pad1)")
  (net 65 "Net-(U3-Pad1)")
  (net 66 "Net-(U3-Pad4)")
  (net 67 "Net-(U3-Pad8)")
  (net 68 "Net-(U4-Pad1)")
  (net 69 "Net-(U4-Pad2)")
  (net 70 "Net-(U4-Pad3)")
  (net 71 "Net-(U4-Pad4)")
  (net 72 "Net-(U4-Pad5)")
  (net 73 "Net-(U4-Pad6)")
  (net 74 "Net-(U4-Pad7)")
  (net 75 "Net-(U4-Pad8)")
  (net 76 "Net-(U4-Pad11)")
  (net 77 "Net-(U4-Pad14)")
  (net 78 "Net-(U4-Pad19)")
  (net 79 "Net-(U4-Pad20)")
  (net 80 "Net-(U5-PadJ4_1)")
  (net 81 "Net-(U5-PadJ1_2)")
  (net 82 "Net-(U5-PadJ1_1)")
  (net 83 /CANBUS_HIGH)
  (net 84 /CANBUS_LOW)
  (net 85 /SCL)
  (net 86 /SDA)

  (net_class Default "This is the default net class."
    (clearance 0.2)
    (trace_width 0.25)
    (via_dia 0.8)
    (via_drill 0.4)
    (uvia_dia 0.3)
    (uvia_drill 0.1)
    (add_net +12V)
    (add_net +3V3)
    (add_net /CANBUS_HIGH)
    (add_net /CANBUS_LOW)
    (add_net /SCL)
    (add_net /SDA)
    (add_net GND)
    (add_net MODULE_GOOD_0)
    (add_net MODULE_GOOD_1)
    (add_net MODULE_GOOD_2)
    (add_net MODULE_GOOD_3)
    (add_net "Net-(C1-Pad2)")
    (add_net "Net-(C9-Pad2)")
    (add_net "Net-(D1-Pad2)")
    (add_net "Net-(J1-Pad2)")
    (add_net "Net-(J10-Pad1)")
    (add_net "Net-(J11-Pad2)")
    (add_net "Net-(J12-Pad2)")
    (add_net "Net-(J2-Pad10)")
    (add_net "Net-(J2-Pad12)")
    (add_net "Net-(J3-Pad2)")
    (add_net "Net-(J5-Pad10)")
    (add_net "Net-(J5-Pad12)")
    (add_net "Net-(J6-Pad10)")
    (add_net "Net-(J6-Pad11)")
    (add_net "Net-(J6-Pad12)")
    (add_net "Net-(J6-Pad13)")
    (add_net "Net-(J6-Pad15)")
    (add_net "Net-(J6-Pad16)")
    (add_net "Net-(J6-Pad18)")
    (add_net "Net-(J6-Pad19)")
    (add_net "Net-(J6-Pad21)")
    (add_net "Net-(J6-Pad22)")
    (add_net "Net-(J6-Pad23)")
    (add_net "Net-(J6-Pad24)")
    (add_net "Net-(J6-Pad26)")
    (add_net "Net-(J6-Pad27)")
    (add_net "Net-(J6-Pad28)")
    (add_net "Net-(J6-Pad29)")
    (add_net "Net-(J6-Pad3)")
    (add_net "Net-(J6-Pad31)")
    (add_net "Net-(J6-Pad32)")
    (add_net "Net-(J6-Pad33)")
    (add_net "Net-(J6-Pad35)")
    (add_net "Net-(J6-Pad36)")
    (add_net "Net-(J6-Pad37)")
    (add_net "Net-(J6-Pad38)")
    (add_net "Net-(J6-Pad40)")
    (add_net "Net-(J6-Pad5)")
    (add_net "Net-(J6-Pad7)")
    (add_net "Net-(J6-Pad8)")
    (add_net "Net-(J7-Pad10)")
    (add_net "Net-(J7-Pad12)")
    (add_net "Net-(J8-Pad10)")
    (add_net "Net-(J8-Pad12)")
    (add_net "Net-(J9-Pad1)")
    (add_net "Net-(R10-Pad1)")
    (add_net "Net-(R12-Pad1)")
    (add_net "Net-(R16-Pad1)")
    (add_net "Net-(R17-Pad1)")
    (add_net "Net-(R29-Pad1)")
    (add_net "Net-(U2-Pad1)")
    (add_net "Net-(U2-Pad8)")
    (add_net "Net-(U3-Pad1)")
    (add_net "Net-(U3-Pad4)")
    (add_net "Net-(U3-Pad8)")
    (add_net "Net-(U4-Pad1)")
    (add_net "Net-(U4-Pad11)")
    (add_net "Net-(U4-Pad14)")
    (add_net "Net-(U4-Pad19)")
    (add_net "Net-(U4-Pad2)")
    (add_net "Net-(U4-Pad20)")
    (add_net "Net-(U4-Pad3)")
    (add_net "Net-(U4-Pad4)")
    (add_net "Net-(U4-Pad5)")
    (add_net "Net-(U4-Pad6)")
    (add_net "Net-(U4-Pad7)")
    (add_net "Net-(U4-Pad8)")
    (add_net "Net-(U5-PadJ1_1)")
    (add_net "Net-(U5-PadJ1_2)")
    (add_net "Net-(U5-PadJ4_1)")
    (add_net VCC)
    (add_net WIRE_GOOD_0)
    (add_net WIRE_GOOD_1)
    (add_net WIRE_GOOD_2)
    (add_net WIRE_GOOD_3)
  )

  (module Capacitor_SMD:C_0603_1608Metric_Pad1.05x0.95mm_HandSolder (layer B.Cu) (tedit 5B301BBE) (tstamp 5D9BAF18)
    (at 127.1 142.175 270)
    (descr "Capacitor SMD 0603 (1608 Metric), square (rectangular) end terminal, IPC_7351 nominal with elongated pad for handsoldering. (Body size source: http://www.tortai-tech.com/upload/download/2011102023233369053.pdf), generated with kicad-footprint-generator")
    (tags "capacitor handsolder")
    (path /5DA3D705)
    (attr smd)
    (fp_text reference C1 (at 0 1.43 90) (layer B.SilkS)
      (effects (font (size 1 1) (thickness 0.15)) (justify mirror))
    )
    (fp_text value 4n7 (at 0 -1.43 90) (layer B.Fab)
      (effects (font (size 1 1) (thickness 0.15)) (justify mirror))
    )
    (fp_line (start -0.8 -0.4) (end -0.8 0.4) (layer B.Fab) (width 0.1))
    (fp_line (start -0.8 0.4) (end 0.8 0.4) (layer B.Fab) (width 0.1))
    (fp_line (start 0.8 0.4) (end 0.8 -0.4) (layer B.Fab) (width 0.1))
    (fp_line (start 0.8 -0.4) (end -0.8 -0.4) (layer B.Fab) (width 0.1))
    (fp_line (start -0.171267 0.51) (end 0.171267 0.51) (layer B.SilkS) (width 0.12))
    (fp_line (start -0.171267 -0.51) (end 0.171267 -0.51) (layer B.SilkS) (width 0.12))
    (fp_line (start -1.65 -0.73) (end -1.65 0.73) (layer B.CrtYd) (width 0.05))
    (fp_line (start -1.65 0.73) (end 1.65 0.73) (layer B.CrtYd) (width 0.05))
    (fp_line (start 1.65 0.73) (end 1.65 -0.73) (layer B.CrtYd) (width 0.05))
    (fp_line (start 1.65 -0.73) (end -1.65 -0.73) (layer B.CrtYd) (width 0.05))
    (fp_text user %R (at 0 0 90) (layer B.Fab)
      (effects (font (size 0.4 0.4) (thickness 0.06)) (justify mirror))
    )
    (pad 1 smd roundrect (at -0.875 0 270) (size 1.05 0.95) (layers B.Cu B.Paste B.Mask) (roundrect_rratio 0.25)
      (net 1 GND))
    (pad 2 smd roundrect (at 0.875 0 270) (size 1.05 0.95) (layers B.Cu B.Paste B.Mask) (roundrect_rratio 0.25)
      (net 2 "Net-(C1-Pad2)"))
    (model ${KISYS3DMOD}/Capacitor_SMD.3dshapes/C_0603_1608Metric.wrl
      (at (xyz 0 0 0))
      (scale (xyz 1 1 1))
      (rotate (xyz 0 0 0))
    )
  )

  (module Capacitor_SMD:C_0603_1608Metric_Pad1.05x0.95mm_HandSolder (layer B.Cu) (tedit 5B301BBE) (tstamp 5D9B702A)
    (at 168.525 142.3 180)
    (descr "Capacitor SMD 0603 (1608 Metric), square (rectangular) end terminal, IPC_7351 nominal with elongated pad for handsoldering. (Body size source: http://www.tortai-tech.com/upload/download/2011102023233369053.pdf), generated with kicad-footprint-generator")
    (tags "capacitor handsolder")
    (path /5E74F322)
    (attr smd)
    (fp_text reference C2 (at 0 1.43) (layer B.SilkS)
      (effects (font (size 1 1) (thickness 0.15)) (justify mirror))
    )
    (fp_text value 0.1uF (at 0 -1.43) (layer B.Fab)
      (effects (font (size 1 1) (thickness 0.15)) (justify mirror))
    )
    (fp_text user %R (at 0 0) (layer B.Fab)
      (effects (font (size 0.4 0.4) (thickness 0.06)) (justify mirror))
    )
    (fp_line (start 1.65 -0.73) (end -1.65 -0.73) (layer B.CrtYd) (width 0.05))
    (fp_line (start 1.65 0.73) (end 1.65 -0.73) (layer B.CrtYd) (width 0.05))
    (fp_line (start -1.65 0.73) (end 1.65 0.73) (layer B.CrtYd) (width 0.05))
    (fp_line (start -1.65 -0.73) (end -1.65 0.73) (layer B.CrtYd) (width 0.05))
    (fp_line (start -0.171267 -0.51) (end 0.171267 -0.51) (layer B.SilkS) (width 0.12))
    (fp_line (start -0.171267 0.51) (end 0.171267 0.51) (layer B.SilkS) (width 0.12))
    (fp_line (start 0.8 -0.4) (end -0.8 -0.4) (layer B.Fab) (width 0.1))
    (fp_line (start 0.8 0.4) (end 0.8 -0.4) (layer B.Fab) (width 0.1))
    (fp_line (start -0.8 0.4) (end 0.8 0.4) (layer B.Fab) (width 0.1))
    (fp_line (start -0.8 -0.4) (end -0.8 0.4) (layer B.Fab) (width 0.1))
    (pad 2 smd roundrect (at 0.875 0 180) (size 1.05 0.95) (layers B.Cu B.Paste B.Mask) (roundrect_rratio 0.25)
      (net 1 GND))
    (pad 1 smd roundrect (at -0.875 0 180) (size 1.05 0.95) (layers B.Cu B.Paste B.Mask) (roundrect_rratio 0.25)
      (net 3 VCC))
    (model ${KISYS3DMOD}/Capacitor_SMD.3dshapes/C_0603_1608Metric.wrl
      (at (xyz 0 0 0))
      (scale (xyz 1 1 1))
      (rotate (xyz 0 0 0))
    )
  )

  (module Capacitor_SMD:C_0603_1608Metric_Pad1.05x0.95mm_HandSolder (layer F.Cu) (tedit 5B301BBE) (tstamp 5D9B703B)
    (at 117.639001 69.529001)
    (descr "Capacitor SMD 0603 (1608 Metric), square (rectangular) end terminal, IPC_7351 nominal with elongated pad for handsoldering. (Body size source: http://www.tortai-tech.com/upload/download/2011102023233369053.pdf), generated with kicad-footprint-generator")
    (tags "capacitor handsolder")
    (path /5E7BF3E2)
    (attr smd)
    (fp_text reference C3 (at 0 -1.43) (layer F.SilkS)
      (effects (font (size 1 1) (thickness 0.15)))
    )
    (fp_text value 0.1uF (at 0 1.43) (layer F.Fab)
      (effects (font (size 1 1) (thickness 0.15)))
    )
    (fp_line (start -0.8 0.4) (end -0.8 -0.4) (layer F.Fab) (width 0.1))
    (fp_line (start -0.8 -0.4) (end 0.8 -0.4) (layer F.Fab) (width 0.1))
    (fp_line (start 0.8 -0.4) (end 0.8 0.4) (layer F.Fab) (width 0.1))
    (fp_line (start 0.8 0.4) (end -0.8 0.4) (layer F.Fab) (width 0.1))
    (fp_line (start -0.171267 -0.51) (end 0.171267 -0.51) (layer F.SilkS) (width 0.12))
    (fp_line (start -0.171267 0.51) (end 0.171267 0.51) (layer F.SilkS) (width 0.12))
    (fp_line (start -1.65 0.73) (end -1.65 -0.73) (layer F.CrtYd) (width 0.05))
    (fp_line (start -1.65 -0.73) (end 1.65 -0.73) (layer F.CrtYd) (width 0.05))
    (fp_line (start 1.65 -0.73) (end 1.65 0.73) (layer F.CrtYd) (width 0.05))
    (fp_line (start 1.65 0.73) (end -1.65 0.73) (layer F.CrtYd) (width 0.05))
    (fp_text user %R (at 0 0) (layer F.Fab)
      (effects (font (size 0.4 0.4) (thickness 0.06)))
    )
    (pad 1 smd roundrect (at -0.875 0) (size 1.05 0.95) (layers F.Cu F.Paste F.Mask) (roundrect_rratio 0.25)
      (net 1 GND))
    (pad 2 smd roundrect (at 0.875 0) (size 1.05 0.95) (layers F.Cu F.Paste F.Mask) (roundrect_rratio 0.25)
      (net 3 VCC))
    (model ${KISYS3DMOD}/Capacitor_SMD.3dshapes/C_0603_1608Metric.wrl
      (at (xyz 0 0 0))
      (scale (xyz 1 1 1))
      (rotate (xyz 0 0 0))
    )
  )

  (module Capacitor_SMD:C_0603_1608Metric_Pad1.05x0.95mm_HandSolder (layer F.Cu) (tedit 5B301BBE) (tstamp 5D9B704C)
    (at 137.9 86)
    (descr "Capacitor SMD 0603 (1608 Metric), square (rectangular) end terminal, IPC_7351 nominal with elongated pad for handsoldering. (Body size source: http://www.tortai-tech.com/upload/download/2011102023233369053.pdf), generated with kicad-footprint-generator")
    (tags "capacitor handsolder")
    (path /5E7BF3E8)
    (attr smd)
    (fp_text reference C4 (at 0 -1.43) (layer F.SilkS)
      (effects (font (size 1 1) (thickness 0.15)))
    )
    (fp_text value 0.1uF (at 0 1.43) (layer F.Fab)
      (effects (font (size 1 1) (thickness 0.15)))
    )
    (fp_text user %R (at 0 0) (layer F.Fab)
      (effects (font (size 0.4 0.4) (thickness 0.06)))
    )
    (fp_line (start 1.65 0.73) (end -1.65 0.73) (layer F.CrtYd) (width 0.05))
    (fp_line (start 1.65 -0.73) (end 1.65 0.73) (layer F.CrtYd) (width 0.05))
    (fp_line (start -1.65 -0.73) (end 1.65 -0.73) (layer F.CrtYd) (width 0.05))
    (fp_line (start -1.65 0.73) (end -1.65 -0.73) (layer F.CrtYd) (width 0.05))
    (fp_line (start -0.171267 0.51) (end 0.171267 0.51) (layer F.SilkS) (width 0.12))
    (fp_line (start -0.171267 -0.51) (end 0.171267 -0.51) (layer F.SilkS) (width 0.12))
    (fp_line (start 0.8 0.4) (end -0.8 0.4) (layer F.Fab) (width 0.1))
    (fp_line (start 0.8 -0.4) (end 0.8 0.4) (layer F.Fab) (width 0.1))
    (fp_line (start -0.8 -0.4) (end 0.8 -0.4) (layer F.Fab) (width 0.1))
    (fp_line (start -0.8 0.4) (end -0.8 -0.4) (layer F.Fab) (width 0.1))
    (pad 2 smd roundrect (at 0.875 0) (size 1.05 0.95) (layers F.Cu F.Paste F.Mask) (roundrect_rratio 0.25)
      (net 1 GND))
    (pad 1 smd roundrect (at -0.875 0) (size 1.05 0.95) (layers F.Cu F.Paste F.Mask) (roundrect_rratio 0.25)
      (net 4 +3V3))
    (model ${KISYS3DMOD}/Capacitor_SMD.3dshapes/C_0603_1608Metric.wrl
      (at (xyz 0 0 0))
      (scale (xyz 1 1 1))
      (rotate (xyz 0 0 0))
    )
  )

  (module Capacitor_SMD:C_0603_1608Metric_Pad1.05x0.95mm_HandSolder (layer F.Cu) (tedit 5B301BBE) (tstamp 5D9B705D)
    (at 42.269001 118.179001)
    (descr "Capacitor SMD 0603 (1608 Metric), square (rectangular) end terminal, IPC_7351 nominal with elongated pad for handsoldering. (Body size source: http://www.tortai-tech.com/upload/download/2011102023233369053.pdf), generated with kicad-footprint-generator")
    (tags "capacitor handsolder")
    (path /5E79BEBF)
    (attr smd)
    (fp_text reference C5 (at 0 -1.43) (layer F.SilkS)
      (effects (font (size 1 1) (thickness 0.15)))
    )
    (fp_text value 0.1uF (at 0 1.43) (layer F.Fab)
      (effects (font (size 1 1) (thickness 0.15)))
    )
    (fp_line (start -0.8 0.4) (end -0.8 -0.4) (layer F.Fab) (width 0.1))
    (fp_line (start -0.8 -0.4) (end 0.8 -0.4) (layer F.Fab) (width 0.1))
    (fp_line (start 0.8 -0.4) (end 0.8 0.4) (layer F.Fab) (width 0.1))
    (fp_line (start 0.8 0.4) (end -0.8 0.4) (layer F.Fab) (width 0.1))
    (fp_line (start -0.171267 -0.51) (end 0.171267 -0.51) (layer F.SilkS) (width 0.12))
    (fp_line (start -0.171267 0.51) (end 0.171267 0.51) (layer F.SilkS) (width 0.12))
    (fp_line (start -1.65 0.73) (end -1.65 -0.73) (layer F.CrtYd) (width 0.05))
    (fp_line (start -1.65 -0.73) (end 1.65 -0.73) (layer F.CrtYd) (width 0.05))
    (fp_line (start 1.65 -0.73) (end 1.65 0.73) (layer F.CrtYd) (width 0.05))
    (fp_line (start 1.65 0.73) (end -1.65 0.73) (layer F.CrtYd) (width 0.05))
    (fp_text user %R (at 0 0) (layer F.Fab)
      (effects (font (size 0.4 0.4) (thickness 0.06)))
    )
    (pad 1 smd roundrect (at -0.875 0) (size 1.05 0.95) (layers F.Cu F.Paste F.Mask) (roundrect_rratio 0.25)
      (net 1 GND))
    (pad 2 smd roundrect (at 0.875 0) (size 1.05 0.95) (layers F.Cu F.Paste F.Mask) (roundrect_rratio 0.25)
      (net 3 VCC))
    (model ${KISYS3DMOD}/Capacitor_SMD.3dshapes/C_0603_1608Metric.wrl
      (at (xyz 0 0 0))
      (scale (xyz 1 1 1))
      (rotate (xyz 0 0 0))
    )
  )

  (module Capacitor_SMD:C_0603_1608Metric_Pad1.05x0.95mm_HandSolder (layer F.Cu) (tedit 5B301BBE) (tstamp 5D9B706E)
    (at 16.479001 125.379001)
    (descr "Capacitor SMD 0603 (1608 Metric), square (rectangular) end terminal, IPC_7351 nominal with elongated pad for handsoldering. (Body size source: http://www.tortai-tech.com/upload/download/2011102023233369053.pdf), generated with kicad-footprint-generator")
    (tags "capacitor handsolder")
    (path /5E79BEC5)
    (attr smd)
    (fp_text reference C6 (at 0 -1.43) (layer F.SilkS)
      (effects (font (size 1 1) (thickness 0.15)))
    )
    (fp_text value 0.1uF (at 0 1.43) (layer F.Fab)
      (effects (font (size 1 1) (thickness 0.15)))
    )
    (fp_text user %R (at 0 0) (layer F.Fab)
      (effects (font (size 0.4 0.4) (thickness 0.06)))
    )
    (fp_line (start 1.65 0.73) (end -1.65 0.73) (layer F.CrtYd) (width 0.05))
    (fp_line (start 1.65 -0.73) (end 1.65 0.73) (layer F.CrtYd) (width 0.05))
    (fp_line (start -1.65 -0.73) (end 1.65 -0.73) (layer F.CrtYd) (width 0.05))
    (fp_line (start -1.65 0.73) (end -1.65 -0.73) (layer F.CrtYd) (width 0.05))
    (fp_line (start -0.171267 0.51) (end 0.171267 0.51) (layer F.SilkS) (width 0.12))
    (fp_line (start -0.171267 -0.51) (end 0.171267 -0.51) (layer F.SilkS) (width 0.12))
    (fp_line (start 0.8 0.4) (end -0.8 0.4) (layer F.Fab) (width 0.1))
    (fp_line (start 0.8 -0.4) (end 0.8 0.4) (layer F.Fab) (width 0.1))
    (fp_line (start -0.8 -0.4) (end 0.8 -0.4) (layer F.Fab) (width 0.1))
    (fp_line (start -0.8 0.4) (end -0.8 -0.4) (layer F.Fab) (width 0.1))
    (pad 2 smd roundrect (at 0.875 0) (size 1.05 0.95) (layers F.Cu F.Paste F.Mask) (roundrect_rratio 0.25)
      (net 1 GND))
    (pad 1 smd roundrect (at -0.875 0) (size 1.05 0.95) (layers F.Cu F.Paste F.Mask) (roundrect_rratio 0.25)
      (net 4 +3V3))
    (model ${KISYS3DMOD}/Capacitor_SMD.3dshapes/C_0603_1608Metric.wrl
      (at (xyz 0 0 0))
      (scale (xyz 1 1 1))
      (rotate (xyz 0 0 0))
    )
  )

  (module Capacitor_SMD:C_0603_1608Metric_Pad1.05x0.95mm_HandSolder (layer F.Cu) (tedit 5B301BBE) (tstamp 5D9B707F)
    (at 20.829001 125.379001)
    (descr "Capacitor SMD 0603 (1608 Metric), square (rectangular) end terminal, IPC_7351 nominal with elongated pad for handsoldering. (Body size source: http://www.tortai-tech.com/upload/download/2011102023233369053.pdf), generated with kicad-footprint-generator")
    (tags "capacitor handsolder")
    (path /5E797298)
    (attr smd)
    (fp_text reference C7 (at 0 -1.43) (layer F.SilkS)
      (effects (font (size 1 1) (thickness 0.15)))
    )
    (fp_text value 0.1uF (at 0 1.43) (layer F.Fab)
      (effects (font (size 1 1) (thickness 0.15)))
    )
    (fp_line (start -0.8 0.4) (end -0.8 -0.4) (layer F.Fab) (width 0.1))
    (fp_line (start -0.8 -0.4) (end 0.8 -0.4) (layer F.Fab) (width 0.1))
    (fp_line (start 0.8 -0.4) (end 0.8 0.4) (layer F.Fab) (width 0.1))
    (fp_line (start 0.8 0.4) (end -0.8 0.4) (layer F.Fab) (width 0.1))
    (fp_line (start -0.171267 -0.51) (end 0.171267 -0.51) (layer F.SilkS) (width 0.12))
    (fp_line (start -0.171267 0.51) (end 0.171267 0.51) (layer F.SilkS) (width 0.12))
    (fp_line (start -1.65 0.73) (end -1.65 -0.73) (layer F.CrtYd) (width 0.05))
    (fp_line (start -1.65 -0.73) (end 1.65 -0.73) (layer F.CrtYd) (width 0.05))
    (fp_line (start 1.65 -0.73) (end 1.65 0.73) (layer F.CrtYd) (width 0.05))
    (fp_line (start 1.65 0.73) (end -1.65 0.73) (layer F.CrtYd) (width 0.05))
    (fp_text user %R (at 0 0) (layer F.Fab)
      (effects (font (size 0.4 0.4) (thickness 0.06)))
    )
    (pad 1 smd roundrect (at -0.875 0) (size 1.05 0.95) (layers F.Cu F.Paste F.Mask) (roundrect_rratio 0.25)
      (net 1 GND))
    (pad 2 smd roundrect (at 0.875 0) (size 1.05 0.95) (layers F.Cu F.Paste F.Mask) (roundrect_rratio 0.25)
      (net 3 VCC))
    (model ${KISYS3DMOD}/Capacitor_SMD.3dshapes/C_0603_1608Metric.wrl
      (at (xyz 0 0 0))
      (scale (xyz 1 1 1))
      (rotate (xyz 0 0 0))
    )
  )

  (module Capacitor_SMD:C_0603_1608Metric_Pad1.05x0.95mm_HandSolder (layer F.Cu) (tedit 5B301BBE) (tstamp 5D9B7090)
    (at 26.039001 121.829001)
    (descr "Capacitor SMD 0603 (1608 Metric), square (rectangular) end terminal, IPC_7351 nominal with elongated pad for handsoldering. (Body size source: http://www.tortai-tech.com/upload/download/2011102023233369053.pdf), generated with kicad-footprint-generator")
    (tags "capacitor handsolder")
    (path /5E798778)
    (attr smd)
    (fp_text reference C8 (at 0 -1.43) (layer F.SilkS)
      (effects (font (size 1 1) (thickness 0.15)))
    )
    (fp_text value 0.1uF (at 0 1.43) (layer F.Fab)
      (effects (font (size 1 1) (thickness 0.15)))
    )
    (fp_text user %R (at 0 0) (layer F.Fab)
      (effects (font (size 0.4 0.4) (thickness 0.06)))
    )
    (fp_line (start 1.65 0.73) (end -1.65 0.73) (layer F.CrtYd) (width 0.05))
    (fp_line (start 1.65 -0.73) (end 1.65 0.73) (layer F.CrtYd) (width 0.05))
    (fp_line (start -1.65 -0.73) (end 1.65 -0.73) (layer F.CrtYd) (width 0.05))
    (fp_line (start -1.65 0.73) (end -1.65 -0.73) (layer F.CrtYd) (width 0.05))
    (fp_line (start -0.171267 0.51) (end 0.171267 0.51) (layer F.SilkS) (width 0.12))
    (fp_line (start -0.171267 -0.51) (end 0.171267 -0.51) (layer F.SilkS) (width 0.12))
    (fp_line (start 0.8 0.4) (end -0.8 0.4) (layer F.Fab) (width 0.1))
    (fp_line (start 0.8 -0.4) (end 0.8 0.4) (layer F.Fab) (width 0.1))
    (fp_line (start -0.8 -0.4) (end 0.8 -0.4) (layer F.Fab) (width 0.1))
    (fp_line (start -0.8 0.4) (end -0.8 -0.4) (layer F.Fab) (width 0.1))
    (pad 2 smd roundrect (at 0.875 0) (size 1.05 0.95) (layers F.Cu F.Paste F.Mask) (roundrect_rratio 0.25)
      (net 1 GND))
    (pad 1 smd roundrect (at -0.875 0) (size 1.05 0.95) (layers F.Cu F.Paste F.Mask) (roundrect_rratio 0.25)
      (net 4 +3V3))
    (model ${KISYS3DMOD}/Capacitor_SMD.3dshapes/C_0603_1608Metric.wrl
      (at (xyz 0 0 0))
      (scale (xyz 1 1 1))
      (rotate (xyz 0 0 0))
    )
  )

  (module Capacitor_SMD:C_0603_1608Metric_Pad1.05x0.95mm_HandSolder (layer B.Cu) (tedit 5B301BBE) (tstamp 5D9B70A1)
    (at 210.475 102)
    (descr "Capacitor SMD 0603 (1608 Metric), square (rectangular) end terminal, IPC_7351 nominal with elongated pad for handsoldering. (Body size source: http://www.tortai-tech.com/upload/download/2011102023233369053.pdf), generated with kicad-footprint-generator")
    (tags "capacitor handsolder")
    (path /5DA5322E)
    (attr smd)
    (fp_text reference C9 (at 0 1.43) (layer B.SilkS)
      (effects (font (size 1 1) (thickness 0.15)) (justify mirror))
    )
    (fp_text value 4n7 (at 0 -1.43) (layer B.Fab)
      (effects (font (size 1 1) (thickness 0.15)) (justify mirror))
    )
    (fp_line (start -0.8 -0.4) (end -0.8 0.4) (layer B.Fab) (width 0.1))
    (fp_line (start -0.8 0.4) (end 0.8 0.4) (layer B.Fab) (width 0.1))
    (fp_line (start 0.8 0.4) (end 0.8 -0.4) (layer B.Fab) (width 0.1))
    (fp_line (start 0.8 -0.4) (end -0.8 -0.4) (layer B.Fab) (width 0.1))
    (fp_line (start -0.171267 0.51) (end 0.171267 0.51) (layer B.SilkS) (width 0.12))
    (fp_line (start -0.171267 -0.51) (end 0.171267 -0.51) (layer B.SilkS) (width 0.12))
    (fp_line (start -1.65 -0.73) (end -1.65 0.73) (layer B.CrtYd) (width 0.05))
    (fp_line (start -1.65 0.73) (end 1.65 0.73) (layer B.CrtYd) (width 0.05))
    (fp_line (start 1.65 0.73) (end 1.65 -0.73) (layer B.CrtYd) (width 0.05))
    (fp_line (start 1.65 -0.73) (end -1.65 -0.73) (layer B.CrtYd) (width 0.05))
    (fp_text user %R (at 0 0) (layer B.Fab)
      (effects (font (size 0.4 0.4) (thickness 0.06)) (justify mirror))
    )
    (pad 1 smd roundrect (at -0.875 0) (size 1.05 0.95) (layers B.Cu B.Paste B.Mask) (roundrect_rratio 0.25)
      (net 1 GND))
    (pad 2 smd roundrect (at 0.875 0) (size 1.05 0.95) (layers B.Cu B.Paste B.Mask) (roundrect_rratio 0.25)
      (net 5 "Net-(C9-Pad2)"))
    (model ${KISYS3DMOD}/Capacitor_SMD.3dshapes/C_0603_1608Metric.wrl
      (at (xyz 0 0 0))
      (scale (xyz 1 1 1))
      (rotate (xyz 0 0 0))
    )
  )

  (module LED_SMD:LED_0603_1608Metric_Pad1.05x0.95mm_HandSolder (layer F.Cu) (tedit 5B4B45C9) (tstamp 5D9B70B4)
    (at 12.134001 124.599001)
    (descr "LED SMD 0603 (1608 Metric), square (rectangular) end terminal, IPC_7351 nominal, (Body size source: http://www.tortai-tech.com/upload/download/2011102023233369053.pdf), generated with kicad-footprint-generator")
    (tags "LED handsolder")
    (path /5E5EF871)
    (attr smd)
    (fp_text reference D1 (at 0 -1.43) (layer F.SilkS)
      (effects (font (size 1 1) (thickness 0.15)))
    )
    (fp_text value LED (at 0 1.43) (layer F.Fab)
      (effects (font (size 1 1) (thickness 0.15)))
    )
    (fp_line (start 0.8 -0.4) (end -0.5 -0.4) (layer F.Fab) (width 0.1))
    (fp_line (start -0.5 -0.4) (end -0.8 -0.1) (layer F.Fab) (width 0.1))
    (fp_line (start -0.8 -0.1) (end -0.8 0.4) (layer F.Fab) (width 0.1))
    (fp_line (start -0.8 0.4) (end 0.8 0.4) (layer F.Fab) (width 0.1))
    (fp_line (start 0.8 0.4) (end 0.8 -0.4) (layer F.Fab) (width 0.1))
    (fp_line (start 0.8 -0.735) (end -1.66 -0.735) (layer F.SilkS) (width 0.12))
    (fp_line (start -1.66 -0.735) (end -1.66 0.735) (layer F.SilkS) (width 0.12))
    (fp_line (start -1.66 0.735) (end 0.8 0.735) (layer F.SilkS) (width 0.12))
    (fp_line (start -1.65 0.73) (end -1.65 -0.73) (layer F.CrtYd) (width 0.05))
    (fp_line (start -1.65 -0.73) (end 1.65 -0.73) (layer F.CrtYd) (width 0.05))
    (fp_line (start 1.65 -0.73) (end 1.65 0.73) (layer F.CrtYd) (width 0.05))
    (fp_line (start 1.65 0.73) (end -1.65 0.73) (layer F.CrtYd) (width 0.05))
    (fp_text user %R (at 0 0) (layer F.Fab)
      (effects (font (size 0.4 0.4) (thickness 0.06)))
    )
    (pad 1 smd roundrect (at -0.875 0) (size 1.05 0.95) (layers F.Cu F.Paste F.Mask) (roundrect_rratio 0.25)
      (net 1 GND))
    (pad 2 smd roundrect (at 0.875 0) (size 1.05 0.95) (layers F.Cu F.Paste F.Mask) (roundrect_rratio 0.25)
      (net 6 "Net-(D1-Pad2)"))
    (model ${KISYS3DMOD}/LED_SMD.3dshapes/LED_0603_1608Metric.wrl
      (at (xyz 0 0 0))
      (scale (xyz 1 1 1))
      (rotate (xyz 0 0 0))
    )
  )

  (module Connector_PinHeader_2.54mm:PinHeader_1x02_P2.54mm_Vertical (layer F.Cu) (tedit 59FED5CC) (tstamp 5D9BAFBF)
    (at 121.9 142.3 90)
    (descr "Through hole straight pin header, 1x02, 2.54mm pitch, single row")
    (tags "Through hole pin header THT 1x02 2.54mm single row")
    (path /5DA18DAE)
    (fp_text reference J1 (at 0 4.9 90) (layer F.SilkS)
      (effects (font (size 1 1) (thickness 0.15)))
    )
    (fp_text value Conn_01x02_Male (at 0 4.87 90) (layer F.Fab)
      (effects (font (size 1 1) (thickness 0.15)))
    )
    (fp_text user %R (at 0 1.27) (layer F.Fab)
      (effects (font (size 1 1) (thickness 0.15)))
    )
    (fp_line (start 1.8 -1.8) (end -1.8 -1.8) (layer F.CrtYd) (width 0.05))
    (fp_line (start 1.8 4.35) (end 1.8 -1.8) (layer F.CrtYd) (width 0.05))
    (fp_line (start -1.8 4.35) (end 1.8 4.35) (layer F.CrtYd) (width 0.05))
    (fp_line (start -1.8 -1.8) (end -1.8 4.35) (layer F.CrtYd) (width 0.05))
    (fp_line (start -1.33 -1.33) (end 0 -1.33) (layer F.SilkS) (width 0.12))
    (fp_line (start -1.33 0) (end -1.33 -1.33) (layer F.SilkS) (width 0.12))
    (fp_line (start -1.33 1.27) (end 1.33 1.27) (layer F.SilkS) (width 0.12))
    (fp_line (start 1.33 1.27) (end 1.33 3.87) (layer F.SilkS) (width 0.12))
    (fp_line (start -1.33 1.27) (end -1.33 3.87) (layer F.SilkS) (width 0.12))
    (fp_line (start -1.33 3.87) (end 1.33 3.87) (layer F.SilkS) (width 0.12))
    (fp_line (start -1.27 -0.635) (end -0.635 -1.27) (layer F.Fab) (width 0.1))
    (fp_line (start -1.27 3.81) (end -1.27 -0.635) (layer F.Fab) (width 0.1))
    (fp_line (start 1.27 3.81) (end -1.27 3.81) (layer F.Fab) (width 0.1))
    (fp_line (start 1.27 -1.27) (end 1.27 3.81) (layer F.Fab) (width 0.1))
    (fp_line (start -0.635 -1.27) (end 1.27 -1.27) (layer F.Fab) (width 0.1))
    (pad 2 thru_hole oval (at 0 2.54 90) (size 1.7 1.7) (drill 1) (layers *.Cu *.Mask)
      (net 7 "Net-(J1-Pad2)"))
    (pad 1 thru_hole rect (at 0 0 90) (size 1.7 1.7) (drill 1) (layers *.Cu *.Mask)
      (net 83 /CANBUS_HIGH))
    (model ${KISYS3DMOD}/Connector_PinHeader_2.54mm.3dshapes/PinHeader_1x02_P2.54mm_Vertical.wrl
      (at (xyz 0 0 0))
      (scale (xyz 1 1 1))
      (rotate (xyz 0 0 0))
    )
  )

  (module Connector_RJ:RJ45_BEL_SS74301-00x_Vertical (layer B.Cu) (tedit 5C425612) (tstamp 5D9B8305)
    (at 204.2 115.4 90)
    (descr https://belfuse.com/resources/drawings/stewartconnector/dr-stw-ss-74301-001-ss-74301-002-ss-74301-005.pdf)
    (tags "RJ45 Vertical Shield LED Green Yellow")
    (path /5D949D95)
    (fp_text reference J2 (at 4.445 -14.15 90) (layer B.SilkS)
      (effects (font (size 1 1) (thickness 0.15)) (justify mirror))
    )
    (fp_text value RJ45_LED (at 4.445 -2.54 90) (layer B.Fab)
      (effects (font (size 1 1) (thickness 0.15)) (justify mirror))
    )
    (fp_line (start -4.06 -3.85) (end -4.95 -3.85) (layer B.CrtYd) (width 0.05))
    (fp_line (start -4.06 -1.05) (end -4.95 -1.05) (layer B.CrtYd) (width 0.05))
    (fp_line (start 12.95 -3.85) (end 13.85 -3.85) (layer B.CrtYd) (width 0.05))
    (fp_line (start 12.95 -1.05) (end 13.85 -1.05) (layer B.CrtYd) (width 0.05))
    (fp_line (start -4.7 -2.5) (end -4.7 -1.35) (layer B.Fab) (width 0.1))
    (fp_line (start -3.8 -0.5) (end -3.3 0) (layer B.Fab) (width 0.1))
    (fp_line (start -3.8 0.5) (end -3.3 0) (layer B.Fab) (width 0.1))
    (fp_line (start -4.5 -0.5) (end -4 0) (layer B.SilkS) (width 0.12))
    (fp_line (start -4.5 0.5) (end -4.5 -0.5) (layer B.SilkS) (width 0.12))
    (fp_line (start -4 0) (end -4.5 0.5) (layer B.SilkS) (width 0.12))
    (fp_text user %R (at 4.445 -4.85 90) (layer B.Fab)
      (effects (font (size 1 1) (thickness 0.15)) (justify mirror))
    )
    (fp_line (start 12.85 -13.3) (end 12.85 -3.9) (layer B.SilkS) (width 0.12))
    (fp_line (start -3.95 4.3) (end -3.95 -1) (layer B.SilkS) (width 0.12))
    (fp_line (start 12.85 4.3) (end 12.85 -1) (layer B.SilkS) (width 0.12))
    (fp_line (start -3.95 4.3) (end 12.85 4.3) (layer B.SilkS) (width 0.12))
    (fp_line (start -3.95 -13.2) (end -3.95 -3.9) (layer B.SilkS) (width 0.12))
    (fp_line (start -3.95 -13.3) (end 12.85 -13.3) (layer B.SilkS) (width 0.12))
    (fp_line (start 12.95 -1.05) (end 12.95 4.39) (layer B.CrtYd) (width 0.05))
    (fp_line (start 13.85 -3.85) (end 13.85 -1.05) (layer B.CrtYd) (width 0.05))
    (fp_line (start -4.06 -1.05) (end -4.06 4.39) (layer B.CrtYd) (width 0.05))
    (fp_line (start -4.95 -3.85) (end -4.95 -1.05) (layer B.CrtYd) (width 0.05))
    (fp_line (start -4.06 -13.38) (end -4.06 -3.85) (layer B.CrtYd) (width 0.05))
    (fp_line (start 12.95 -13.38) (end -4.06 -13.38) (layer B.CrtYd) (width 0.05))
    (fp_line (start 12.95 -3.85) (end 12.95 -13.38) (layer B.CrtYd) (width 0.05))
    (fp_line (start -4.06 4.39) (end 12.95 4.39) (layer B.CrtYd) (width 0.05))
    (fp_line (start -3.81 4.1402) (end 12.7 4.1402) (layer B.Fab) (width 0.1))
    (fp_line (start 12.7 4.1402) (end 12.7 -13.1318) (layer B.Fab) (width 0.1))
    (fp_line (start -3.81 4.1402) (end -3.81 -13.1318) (layer B.Fab) (width 0.1))
    (fp_line (start -3.81 -13.1318) (end 12.7 -13.1318) (layer B.Fab) (width 0.1))
    (pad "" np_thru_hole circle (at 10.16 -6.35 90) (size 3.2512 3.2512) (drill 3.2512) (layers *.Cu *.Mask))
    (pad "" np_thru_hole circle (at -1.27 -6.35 90) (size 3.2512 3.2512) (drill 3.2512) (layers *.Cu *.Mask))
    (pad SH thru_hole circle (at 12.319 -2.4638 90) (size 2.54 2.54) (drill 1.651) (layers *.Cu *.Mask))
    (pad SH thru_hole circle (at -3.429 -2.4638 90) (size 2.54 2.54) (drill 1.651) (layers *.Cu *.Mask))
    (pad 10 thru_hole circle (at 8.2296 -10.4648 90) (size 2.032 2.032) (drill 1.016) (layers *.Cu *.Mask)
      (net 8 "Net-(J2-Pad10)"))
    (pad 9 thru_hole circle (at 10.7442 -10.4648 90) (size 2.032 2.032) (drill 1.016) (layers *.Cu *.Mask)
      (net 9 WIRE_GOOD_0))
    (pad 11 thru_hole circle (at 0.635 -10.4648 90) (size 2.032 2.032) (drill 1.016) (layers *.Cu *.Mask)
      (net 1 GND))
    (pad 12 thru_hole circle (at -1.8796 -10.4648 90) (size 2.032 2.032) (drill 1.016) (layers *.Cu *.Mask)
      (net 10 "Net-(J2-Pad12)"))
    (pad 8 thru_hole circle (at 8.89 2.54 90) (size 1.778 1.778) (drill 0.889) (layers *.Cu *.Mask)
      (net 3 VCC))
    (pad 7 thru_hole circle (at 7.62 0 90) (size 1.778 1.778) (drill 0.889) (layers *.Cu *.Mask)
      (net 1 GND))
    (pad 6 thru_hole circle (at 6.35 2.54 90) (size 1.778 1.778) (drill 0.889) (layers *.Cu *.Mask)
      (net 83 /CANBUS_HIGH))
    (pad 5 thru_hole circle (at 5.08 0 90) (size 1.778 1.778) (drill 0.889) (layers *.Cu *.Mask)
      (net 11 MODULE_GOOD_0))
    (pad 4 thru_hole circle (at 3.81 2.54 90) (size 1.778 1.778) (drill 0.889) (layers *.Cu *.Mask)
      (net 9 WIRE_GOOD_0))
    (pad 3 thru_hole circle (at 2.54 0 90) (size 1.778 1.778) (drill 0.889) (layers *.Cu *.Mask)
      (net 84 /CANBUS_LOW))
    (pad 2 thru_hole circle (at 1.27 2.54 90) (size 1.778 1.778) (drill 0.889) (layers *.Cu *.Mask)
      (net 12 +12V))
    (pad 1 thru_hole rect (at 0 0 90) (size 1.778 1.778) (drill 0.889) (layers *.Cu *.Mask)
      (net 1 GND))
    (model ${KISYS3DMOD}/Connector_RJ.3dshapes/RJ45_BEL_SS74301-00x_Vertical.wrl
      (at (xyz 0 0 0))
      (scale (xyz 1 1 1))
      (rotate (xyz 0 0 0))
    )
  )

  (module Connector_PinHeader_2.54mm:PinHeader_1x02_P2.54mm_Vertical (layer F.Cu) (tedit 59FED5CC) (tstamp 5D9BAF4D)
    (at 121.9 146.5 90)
    (descr "Through hole straight pin header, 1x02, 2.54mm pitch, single row")
    (tags "Through hole pin header THT 1x02 2.54mm single row")
    (path /5DA25CC8)
    (fp_text reference J3 (at 0 4.9 90) (layer F.SilkS)
      (effects (font (size 1 1) (thickness 0.15)))
    )
    (fp_text value Conn_01x02_Male (at 0 4.87 90) (layer F.Fab)
      (effects (font (size 1 1) (thickness 0.15)))
    )
    (fp_line (start -0.635 -1.27) (end 1.27 -1.27) (layer F.Fab) (width 0.1))
    (fp_line (start 1.27 -1.27) (end 1.27 3.81) (layer F.Fab) (width 0.1))
    (fp_line (start 1.27 3.81) (end -1.27 3.81) (layer F.Fab) (width 0.1))
    (fp_line (start -1.27 3.81) (end -1.27 -0.635) (layer F.Fab) (width 0.1))
    (fp_line (start -1.27 -0.635) (end -0.635 -1.27) (layer F.Fab) (width 0.1))
    (fp_line (start -1.33 3.87) (end 1.33 3.87) (layer F.SilkS) (width 0.12))
    (fp_line (start -1.33 1.27) (end -1.33 3.87) (layer F.SilkS) (width 0.12))
    (fp_line (start 1.33 1.27) (end 1.33 3.87) (layer F.SilkS) (width 0.12))
    (fp_line (start -1.33 1.27) (end 1.33 1.27) (layer F.SilkS) (width 0.12))
    (fp_line (start -1.33 0) (end -1.33 -1.33) (layer F.SilkS) (width 0.12))
    (fp_line (start -1.33 -1.33) (end 0 -1.33) (layer F.SilkS) (width 0.12))
    (fp_line (start -1.8 -1.8) (end -1.8 4.35) (layer F.CrtYd) (width 0.05))
    (fp_line (start -1.8 4.35) (end 1.8 4.35) (layer F.CrtYd) (width 0.05))
    (fp_line (start 1.8 4.35) (end 1.8 -1.8) (layer F.CrtYd) (width 0.05))
    (fp_line (start 1.8 -1.8) (end -1.8 -1.8) (layer F.CrtYd) (width 0.05))
    (fp_text user %R (at 0 1.27) (layer F.Fab)
      (effects (font (size 1 1) (thickness 0.15)))
    )
    (pad 1 thru_hole rect (at 0 0 90) (size 1.7 1.7) (drill 1) (layers *.Cu *.Mask)
      (net 84 /CANBUS_LOW))
    (pad 2 thru_hole oval (at 0 2.54 90) (size 1.7 1.7) (drill 1) (layers *.Cu *.Mask)
      (net 13 "Net-(J3-Pad2)"))
    (model ${KISYS3DMOD}/Connector_PinHeader_2.54mm.3dshapes/PinHeader_1x02_P2.54mm_Vertical.wrl
      (at (xyz 0 0 0))
      (scale (xyz 1 1 1))
      (rotate (xyz 0 0 0))
    )
  )

  (module Connector_RJ:RJ45_BEL_SS74301-00x_Vertical (layer B.Cu) (tedit 5C425612) (tstamp 5D9B7165)
    (at 137.2 134.2 270)
    (descr https://belfuse.com/resources/drawings/stewartconnector/dr-stw-ss-74301-001-ss-74301-002-ss-74301-005.pdf)
    (tags "RJ45 Vertical Shield LED Green Yellow")
    (path /5D9A3286)
    (fp_text reference J5 (at 4.445 -14.15 90) (layer B.SilkS)
      (effects (font (size 1 1) (thickness 0.15)) (justify mirror))
    )
    (fp_text value RJ45_LED (at 4.445 -2.54 90) (layer B.Fab)
      (effects (font (size 1 1) (thickness 0.15)) (justify mirror))
    )
    (fp_line (start -3.81 -13.1318) (end 12.7 -13.1318) (layer B.Fab) (width 0.1))
    (fp_line (start -3.81 4.1402) (end -3.81 -13.1318) (layer B.Fab) (width 0.1))
    (fp_line (start 12.7 4.1402) (end 12.7 -13.1318) (layer B.Fab) (width 0.1))
    (fp_line (start -3.81 4.1402) (end 12.7 4.1402) (layer B.Fab) (width 0.1))
    (fp_line (start -4.06 4.39) (end 12.95 4.39) (layer B.CrtYd) (width 0.05))
    (fp_line (start 12.95 -3.85) (end 12.95 -13.38) (layer B.CrtYd) (width 0.05))
    (fp_line (start 12.95 -13.38) (end -4.06 -13.38) (layer B.CrtYd) (width 0.05))
    (fp_line (start -4.06 -13.38) (end -4.06 -3.85) (layer B.CrtYd) (width 0.05))
    (fp_line (start -4.95 -3.85) (end -4.95 -1.05) (layer B.CrtYd) (width 0.05))
    (fp_line (start -4.06 -1.05) (end -4.06 4.39) (layer B.CrtYd) (width 0.05))
    (fp_line (start 13.85 -3.85) (end 13.85 -1.05) (layer B.CrtYd) (width 0.05))
    (fp_line (start 12.95 -1.05) (end 12.95 4.39) (layer B.CrtYd) (width 0.05))
    (fp_line (start -3.95 -13.3) (end 12.85 -13.3) (layer B.SilkS) (width 0.12))
    (fp_line (start -3.95 -13.2) (end -3.95 -3.9) (layer B.SilkS) (width 0.12))
    (fp_line (start -3.95 4.3) (end 12.85 4.3) (layer B.SilkS) (width 0.12))
    (fp_line (start 12.85 4.3) (end 12.85 -1) (layer B.SilkS) (width 0.12))
    (fp_line (start -3.95 4.3) (end -3.95 -1) (layer B.SilkS) (width 0.12))
    (fp_line (start 12.85 -13.3) (end 12.85 -3.9) (layer B.SilkS) (width 0.12))
    (fp_text user %R (at 4.445 -4.85 90) (layer B.Fab)
      (effects (font (size 1 1) (thickness 0.15)) (justify mirror))
    )
    (fp_line (start -4 0) (end -4.5 0.5) (layer B.SilkS) (width 0.12))
    (fp_line (start -4.5 0.5) (end -4.5 -0.5) (layer B.SilkS) (width 0.12))
    (fp_line (start -4.5 -0.5) (end -4 0) (layer B.SilkS) (width 0.12))
    (fp_line (start -3.8 0.5) (end -3.3 0) (layer B.Fab) (width 0.1))
    (fp_line (start -3.8 -0.5) (end -3.3 0) (layer B.Fab) (width 0.1))
    (fp_line (start -4.7 -2.5) (end -4.7 -1.35) (layer B.Fab) (width 0.1))
    (fp_line (start 12.95 -1.05) (end 13.85 -1.05) (layer B.CrtYd) (width 0.05))
    (fp_line (start 12.95 -3.85) (end 13.85 -3.85) (layer B.CrtYd) (width 0.05))
    (fp_line (start -4.06 -1.05) (end -4.95 -1.05) (layer B.CrtYd) (width 0.05))
    (fp_line (start -4.06 -3.85) (end -4.95 -3.85) (layer B.CrtYd) (width 0.05))
    (pad 1 thru_hole rect (at 0 0 270) (size 1.778 1.778) (drill 0.889) (layers *.Cu *.Mask)
      (net 1 GND))
    (pad 2 thru_hole circle (at 1.27 2.54 270) (size 1.778 1.778) (drill 0.889) (layers *.Cu *.Mask)
      (net 12 +12V))
