(kicad_pcb (version 20171130) (host pcbnew 5.1.4+dfsg1-1)

  (general
    (thickness 1.6)
    (drawings 4)
    (tracks 719)
    (zones 0)
    (modules 50)
    (nets 50)
  )

  (page A4)
  (layers
    (0 F.Cu signal)
    (31 B.Cu signal)
    (32 B.Adhes user)
    (33 F.Adhes user)
    (34 B.Paste user)
    (35 F.Paste user)
    (36 B.SilkS user)
    (37 F.SilkS user)
    (38 B.Mask user)
    (39 F.Mask user)
    (40 Dwgs.User user)
    (41 Cmts.User user)
    (42 Eco1.User user)
    (43 Eco2.User user)
    (44 Edge.Cuts user)
    (45 Margin user)
    (46 B.CrtYd user)
    (47 F.CrtYd user)
    (48 B.Fab user hide)
    (49 F.Fab user hide)
  )

  (setup
    (last_trace_width 0.35)
    (user_trace_width 0.35)
    (user_trace_width 0.5)
    (user_trace_width 1)
    (trace_clearance 0.2)
    (zone_clearance 0.508)
    (zone_45_only no)
    (trace_min 0.2)
    (via_size 0.8)
    (via_drill 0.4)
    (via_min_size 0.4)
    (via_min_drill 0.3)
    (user_via 1.2 0.6)
    (user_via 1.4 0.8)
    (user_via 1.6 0.9)
    (uvia_size 0.3)
    (uvia_drill 0.1)
    (uvias_allowed no)
    (uvia_min_size 0.2)
    (uvia_min_drill 0.1)
    (edge_width 0.05)
    (segment_width 0.2)
    (pcb_text_width 0.3)
    (pcb_text_size 1.5 1.5)
    (mod_edge_width 0.12)
    (mod_text_size 1 1)
    (mod_text_width 0.15)
    (pad_size 1.524 1.524)
    (pad_drill 0.762)
    (pad_to_mask_clearance 0.051)
    (solder_mask_min_width 0.25)
    (aux_axis_origin 0 0)
    (visible_elements FFFFFF7F)
    (pcbplotparams
      (layerselection 0x010fc_ffffffff)
      (usegerberextensions false)
      (usegerberattributes false)
      (usegerberadvancedattributes false)
      (creategerberjobfile false)
      (excludeedgelayer true)
      (linewidth 0.100000)
      (plotframeref false)
      (viasonmask false)
      (mode 1)
      (useauxorigin false)
      (hpglpennumber 1)
      (hpglpenspeed 20)
      (hpglpendiameter 15.000000)
      (psnegative false)
      (psa4output false)
      (plotreference true)
      (plotvalue true)
      (plotinvisibletext false)
      (padsonsilk false)
      (subtractmaskfromsilk false)
      (outputformat 1)
      (mirror false)
      (drillshape 1)
      (scaleselection 1)
      (outputdirectory ""))
  )

  (net 0 "")
  (net 1 GND)
  (net 2 "Net-(C1-Pad2)")
  (net 3 VCC)
  (net 4 +3V3)
  (net 5 "Net-(C9-Pad2)")
  (net 6 "Net-(D1-Pad2)")
  (net 7 "Net-(J2-Pad10)")
  (net 8 WIRE_GOOD_0)
  (net 9 "Net-(J2-Pad12)")
  (net 10 MODULE_GOOD_0)
  (net 11 +12V)
  (net 12 WIRE_GOOD_1)
  (net 13 MODULE_GOOD_1)
  (net 14 "Net-(J5-Pad12)")
  (net 15 "Net-(J5-Pad10)")
  (net 16 "Net-(J6-Pad3)")
  (net 17 "Net-(J6-Pad5)")
  (net 18 "Net-(J6-Pad15)")
  (net 19 "Net-(J6-Pad16)")
  (net 20 "Net-(J6-Pad19)")
  (net 21 "Net-(J6-Pad21)")
  (net 22 "Net-(J6-Pad23)")
  (net 23 "Net-(R10-Pad1)")
  (net 24 "Net-(R12-Pad1)")
  (net 25 "Net-(R16-Pad1)")
  (net 26 "Net-(R17-Pad1)")
  (net 27 "Net-(R29-Pad1)")
  (net 28 "Net-(U2-Pad8)")
  (net 29 "Net-(U2-Pad1)")
  (net 30 "Net-(U3-Pad8)")
  (net 31 /CANBUS_HIGH)
  (net 32 /CANBUS_LOW)
  (net 33 /SCL)
  (net 34 /SDA)
  (net 35 "Net-(R13-Pad2)")
  (net 36 "Net-(R14-Pad1)")
  (net 37 "Net-(R23-Pad2)")
  (net 38 "Net-(R24-Pad1)")
  (net 39 "Net-(J13-Pad1)")
  (net 40 "Net-(J13-Pad2)")
  (net 41 "Net-(J13-Pad3)")
  (net 42 "Net-(J13-Pad4)")
  (net 43 "Net-(J13-Pad5)")
  (net 44 "Net-(J13-Pad6)")
  (net 45 "Net-(J13-Pad7)")
  (net 46 "Net-(J13-Pad8)")
  (net 47 "Net-(J1-Pad1)")
  (net 48 "Net-(J1-Pad2)")
  (net 49 "Net-(J1-Pad3)")

  (net_class Default "This is the default net class."
    (clearance 0.2)
    (trace_width 0.25)
    (via_dia 0.8)
    (via_drill 0.4)
    (uvia_dia 0.3)
    (uvia_drill 0.1)
    (add_net +12V)
    (add_net +3V3)
    (add_net /CANBUS_HIGH)
    (add_net /CANBUS_LOW)
    (add_net /SCL)
    (add_net /SDA)
    (add_net GND)
    (add_net MODULE_GOOD_0)
    (add_net MODULE_GOOD_1)
    (add_net "Net-(C1-Pad2)")
    (add_net "Net-(C9-Pad2)")
    (add_net "Net-(D1-Pad2)")
    (add_net "Net-(J1-Pad1)")
    (add_net "Net-(J1-Pad2)")
    (add_net "Net-(J1-Pad3)")
    (add_net "Net-(J13-Pad1)")
    (add_net "Net-(J13-Pad2)")
    (add_net "Net-(J13-Pad3)")
    (add_net "Net-(J13-Pad4)")
    (add_net "Net-(J13-Pad5)")
    (add_net "Net-(J13-Pad6)")
    (add_net "Net-(J13-Pad7)")
    (add_net "Net-(J13-Pad8)")
    (add_net "Net-(J2-Pad10)")
    (add_net "Net-(J2-Pad12)")
    (add_net "Net-(J5-Pad10)")
    (add_net "Net-(J5-Pad12)")
    (add_net "Net-(J6-Pad15)")
    (add_net "Net-(J6-Pad16)")
    (add_net "Net-(J6-Pad19)")
    (add_net "Net-(J6-Pad21)")
    (add_net "Net-(J6-Pad23)")
    (add_net "Net-(J6-Pad3)")
    (add_net "Net-(J6-Pad5)")
    (add_net "Net-(R10-Pad1)")
    (add_net "Net-(R12-Pad1)")
    (add_net "Net-(R13-Pad2)")
    (add_net "Net-(R14-Pad1)")
    (add_net "Net-(R16-Pad1)")
    (add_net "Net-(R17-Pad1)")
    (add_net "Net-(R23-Pad2)")
    (add_net "Net-(R24-Pad1)")
    (add_net "Net-(R29-Pad1)")
    (add_net "Net-(U2-Pad1)")
    (add_net "Net-(U2-Pad8)")
    (add_net "Net-(U3-Pad8)")
    (add_net VCC)
    (add_net WIRE_GOOD_0)
    (add_net WIRE_GOOD_1)
  )

  (module WAVGAT_CAN:WAVGAT_CAN (layer B.Cu) (tedit 5DB6E22B) (tstamp 5DB499BD)
    (at 109.75 93.55 270)
    (path /5E9A99C5)
    (fp_text reference U5 (at 10.541 -1.27 270) (layer B.SilkS)
      (effects (font (size 1 1) (thickness 0.15)) (justify mirror))
    )
    (fp_text value WAVGAT_CAN (at 10.16 0.5 270) (layer B.Fab)
      (effects (font (size 1 1) (thickness 0.15)) (justify mirror))
    )
    (fp_circle (center -7.874 -5.334) (end -9.398 -5.334) (layer B.SilkS) (width 0.15))
    (fp_circle (center -7.874 -28.194) (end -9.398 -28.194) (layer B.SilkS) (width 0.15))
    (fp_text user %R (at -8.636 -16.764) (layer B.Fab)
      (effects (font (size 1 1) (thickness 0.15)) (justify mirror))
    )
    (fp_line (start -7.306 -23.114) (end -9.966 -23.114) (layer B.SilkS) (width 0.12))
    (fp_line (start -9.906 -7.874) (end -7.366 -7.874) (layer B.Fab) (width 0.1))
    (fp_line (start -9.966 -23.114) (end -9.966 -7.814) (layer B.SilkS) (width 0.12))
    (fp_line (start -7.306 -23.114) (end -7.306 -7.814) (layer B.SilkS) (width 0.12))
    (fp_line (start -7.306 -7.814) (end -9.966 -7.814) (layer B.SilkS) (width 0.12))
    (fp_line (start -7.366 -7.874) (end -7.366 -25.019) (layer B.Fab) (width 0.1))
    (fp_line (start -8.001 -25.654) (end -9.906 -25.654) (layer B.Fab) (width 0.1))
    (fp_line (start -7.306 -25.714) (end -8.636 -25.714) (layer B.SilkS) (width 0.12))
    (fp_line (start -7.366 -25.019) (end -8.001 -25.654) (layer B.Fab) (width 0.1))
    (fp_line (start -9.906 -25.654) (end -9.906 -7.874) (layer B.Fab) (width 0.1))
    (fp_line (start -7.306 -24.384) (end -7.306 -25.714) (layer B.SilkS) (width 0.12))
    (fp_line (start 18.034 -14.224) (end 20.574 -14.224) (layer B.Fab) (width 0.1))
    (fp_line (start 20.574 -18.669) (end 19.939 -19.304) (layer B.Fab) (width 0.1))
    (fp_line (start 20.634 -16.764) (end 20.634 -14.164) (layer B.SilkS) (width 0.12))
    (fp_line (start 18.034 -19.304) (end 18.034 -14.224) (layer B.Fab) (width 0.1))
    (fp_line (start 20.634 -19.364) (end 19.304 -19.364) (layer B.SilkS) (width 0.12))
    (fp_line (start 17.974 -16.764) (end 17.974 -14.164) (layer B.SilkS) (width 0.12))
    (fp_line (start 19.939 -19.304) (end 18.034 -19.304) (layer B.Fab) (width 0.1))
    (fp_line (start 20.634 -16.764) (end 17.974 -16.764) (layer B.SilkS) (width 0.12))
    (fp_line (start 20.574 -14.224) (end 20.574 -18.669) (layer B.Fab) (width 0.1))
    (fp_line (start 20.634 -18.034) (end 20.634 -19.364) (layer B.SilkS) (width 0.12))
    (fp_line (start 20.634 -14.164) (end 17.974 -14.164) (layer B.SilkS) (width 0.12))
    (fp_text user %R (at 19.304 -16.764) (layer B.Fab)
      (effects (font (size 1 1) (thickness 0.15)) (justify mirror))
    )
    (fp_line (start 23.114 -3.81) (end 23.114 -6.35) (layer B.Fab) (width 0.1))
    (fp_line (start 18.669 -6.35) (end 18.034 -5.715) (layer B.Fab) (width 0.1))
    (fp_line (start 20.574 -6.41) (end 23.174 -6.41) (layer B.SilkS) (width 0.12))
    (fp_line (start 18.034 -3.81) (end 23.114 -3.81) (layer B.Fab) (width 0.1))
    (fp_line (start 17.974 -6.41) (end 17.974 -5.08) (layer B.SilkS) (width 0.12))
    (fp_line (start 20.574 -3.75) (end 23.174 -3.75) (layer B.SilkS) (width 0.12))
    (fp_line (start 18.034 -5.715) (end 18.034 -3.81) (layer B.Fab) (width 0.1))
    (fp_line (start 20.574 -6.41) (end 20.574 -3.75) (layer B.SilkS) (width 0.12))
    (fp_line (start 23.114 -6.35) (end 18.669 -6.35) (layer B.Fab) (width 0.1))
    (fp_line (start 19.304 -6.41) (end 17.974 -6.41) (layer B.SilkS) (width 0.12))
    (fp_line (start 23.174 -6.41) (end 23.174 -3.75) (layer B.SilkS) (width 0.12))
    (fp_text user %R (at 20.574 -5.08 90) (layer B.Fab)
      (effects (font (size 1 1) (thickness 0.15)) (justify mirror))
    )
    (fp_text user WAVGAT_J1 (at 20.447 -8.128 270) (layer B.SilkS)
      (effects (font (size 1 1) (thickness 0.15)) (justify mirror))
    )
    (fp_text user WAVGAT_J3 (at 16.256 -16.764 180) (layer B.SilkS)
      (effects (font (size 1 1) (thickness 0.15)) (justify mirror))
    )
    (fp_text user WAVGAT_J4 (at -10.95 -13.15) (layer B.SilkS)
      (effects (font (size 1 1) (thickness 0.15)) (justify mirror))
    )
    (fp_line (start -10.16 -30.48) (end -10.16 -3.048) (layer B.SilkS) (width 0.12))
    (fp_line (start 24.384 -3.048) (end 24.384 -30.48) (layer B.SilkS) (width 0.12))
    (fp_line (start 24.384 -30.48) (end -10.16 -30.48) (layer B.SilkS) (width 0.12))
    (fp_line (start 24.384 -3.048) (end -10.16 -3.048) (layer B.SilkS) (width 0.12))
    (pad J4_6 thru_hole oval (at -8.636 -11.684 90) (size 1.7 1.7) (drill 1) (layers *.Cu *.Mask)
      (net 1 GND))
    (pad J4_1 thru_hole rect (at -8.636 -24.384 90) (size 1.7 1.7) (drill 1) (layers *.Cu *.Mask))
    (pad J4_7 thru_hole oval (at -8.636 -9.144 90) (size 1.7 1.7) (drill 1) (layers *.Cu *.Mask)
      (net 3 VCC))
    (pad J4_5 thru_hole oval (at -8.636 -14.224 90) (size 1.7 1.7) (drill 1) (layers *.Cu *.Mask)
      (net 27 "Net-(R29-Pad1)"))
    (pad J4_4 thru_hole oval (at -8.636 -16.764 90) (size 1.7 1.7) (drill 1) (layers *.Cu *.Mask)
      (net 28 "Net-(U2-Pad8)"))
    (pad J4_3 thru_hole oval (at -8.636 -19.304 90) (size 1.7 1.7) (drill 1) (layers *.Cu *.Mask)
      (net 29 "Net-(U2-Pad1)"))
    (pad J4_2 thru_hole oval (at -8.636 -21.844 90) (size 1.7 1.7) (drill 1) (layers *.Cu *.Mask)
      (net 30 "Net-(U3-Pad8)"))
    (pad J3_2 thru_hole oval (at 19.304 -15.494 90) (size 1.7 1.7) (drill 1) (layers *.Cu *.Mask)
      (net 37 "Net-(R23-Pad2)"))
    (pad J3_1 thru_hole rect (at 19.304 -18.034 90) (size 1.7 1.7) (drill 1) (layers *.Cu *.Mask)
      (net 38 "Net-(R24-Pad1)"))
    (pad J1_2 thru_hole oval (at 21.844 -5.08 180) (size 1.7 1.7) (drill 1) (layers *.Cu *.Mask))
    (pad J1_1 thru_hole rect (at 19.304 -5.08 180) (size 1.7 1.7) (drill 1) (layers *.Cu *.Mask))
    (pad "" np_thru_hole circle (at -7.874 -5.334 270) (size 3 3) (drill 3) (layers *.Cu *.Mask))
    (pad "" np_thru_hole circle (at -7.874 -28.194 270) (size 3 3) (drill 3) (layers *.Cu *.Mask))
  )

  (module Capacitor_SMD:C_0603_1608Metric_Pad1.05x0.95mm_HandSolder (layer F.Cu) (tedit 5B301BBE) (tstamp 5DB3B723)
    (at 97.6 79.5 90)
    (descr "Capacitor SMD 0603 (1608 Metric), square (rectangular) end terminal, IPC_7351 nominal with elongated pad for handsoldering. (Body size source: http://www.tortai-tech.com/upload/download/2011102023233369053.pdf), generated with kicad-footprint-generator")
    (tags "capacitor handsolder")
    (path /5E7BF3E8)
    (attr smd)
    (fp_text reference C4 (at 0.3 1.4 90) (layer F.SilkS)
      (effects (font (size 1 1) (thickness 0.15)))
    )
    (fp_text value 0.1uF (at 0 1.43 90) (layer F.Fab)
      (effects (font (size 1 1) (thickness 0.15)))
    )
    (fp_line (start -0.8 0.4) (end -0.8 -0.4) (layer F.Fab) (width 0.1))
    (fp_line (start -0.8 -0.4) (end 0.8 -0.4) (layer F.Fab) (width 0.1))
    (fp_line (start 0.8 -0.4) (end 0.8 0.4) (layer F.Fab) (width 0.1))
    (fp_line (start 0.8 0.4) (end -0.8 0.4) (layer F.Fab) (width 0.1))
    (fp_line (start -0.171267 -0.51) (end 0.171267 -0.51) (layer F.SilkS) (width 0.12))
    (fp_line (start -0.171267 0.51) (end 0.171267 0.51) (layer F.SilkS) (width 0.12))
    (fp_line (start -1.65 0.73) (end -1.65 -0.73) (layer F.CrtYd) (width 0.05))
    (fp_line (start -1.65 -0.73) (end 1.65 -0.73) (layer F.CrtYd) (width 0.05))
    (fp_line (start 1.65 -0.73) (end 1.65 0.73) (layer F.CrtYd) (width 0.05))
    (fp_line (start 1.65 0.73) (end -1.65 0.73) (layer F.CrtYd) (width 0.05))
    (fp_text user %R (at 0 0 90) (layer F.Fab)
      (effects (font (size 0.4 0.4) (thickness 0.06)))
    )
    (pad 1 smd roundrect (at -0.875 0 90) (size 1.05 0.95) (layers F.Cu F.Paste F.Mask) (roundrect_rratio 0.25)
      (net 4 +3V3))
    (pad 2 smd roundrect (at 0.875 0 90) (size 1.05 0.95) (layers F.Cu F.Paste F.Mask) (roundrect_rratio 0.25)
      (net 1 GND))
    (model ${KISYS3DMOD}/Capacitor_SMD.3dshapes/C_0603_1608Metric.wrl
      (at (xyz 0 0 0))
      (scale (xyz 1 1 1))
      (rotate (xyz 0 0 0))
    )
  )

  (module Resistor_SMD:R_0603_1608Metric_Pad1.05x0.95mm_HandSolder (layer F.Cu) (tedit 5B301BBD) (tstamp 5DB3BA30)
    (at 155.875 108.35)
    (descr "Resistor SMD 0603 (1608 Metric), square (rectangular) end terminal, IPC_7351 nominal with elongated pad for handsoldering. (Body size source: http://www.tortai-tech.com/upload/download/2011102023233369053.pdf), generated with kicad-footprint-generator")
    (tags "resistor handsolder")
    (path /5E70784D)
    (attr smd)
    (fp_text reference R16 (at -0.175 -1.15) (layer F.SilkS)
      (effects (font (size 1 1) (thickness 0.15)))
    )
    (fp_text value 4K7 (at 0 1.43) (layer F.Fab)
      (effects (font (size 1 1) (thickness 0.15)))
    )
    (fp_line (start -0.8 0.4) (end -0.8 -0.4) (layer F.Fab) (width 0.1))
    (fp_line (start -0.8 -0.4) (end 0.8 -0.4) (layer F.Fab) (width 0.1))
    (fp_line (start 0.8 -0.4) (end 0.8 0.4) (layer F.Fab) (width 0.1))
    (fp_line (start 0.8 0.4) (end -0.8 0.4) (layer F.Fab) (width 0.1))
    (fp_line (start -0.171267 -0.51) (end 0.171267 -0.51) (layer F.SilkS) (width 0.12))
    (fp_line (start -0.171267 0.51) (end 0.171267 0.51) (layer F.SilkS) (width 0.12))
    (fp_line (start -1.65 0.73) (end -1.65 -0.73) (layer F.CrtYd) (width 0.05))
    (fp_line (start -1.65 -0.73) (end 1.65 -0.73) (layer F.CrtYd) (width 0.05))
    (fp_line (start 1.65 -0.73) (end 1.65 0.73) (layer F.CrtYd) (width 0.05))
    (fp_line (start 1.65 0.73) (end -1.65 0.73) (layer F.CrtYd) (width 0.05))
    (fp_text user %R (at 0 0) (layer F.Fab)
      (effects (font (size 0.4 0.4) (thickness 0.06)))
    )
    (pad 1 smd roundrect (at -0.875 0) (size 1.05 0.95) (layers F.Cu F.Paste F.Mask) (roundrect_rratio 0.25)
      (net 25 "Net-(R16-Pad1)"))
    (pad 2 smd roundrect (at 0.875 0) (size 1.05 0.95) (layers F.Cu F.Paste F.Mask) (roundrect_rratio 0.25)
      (net 3 VCC))
    (model ${KISYS3DMOD}/Resistor_SMD.3dshapes/R_0603_1608Metric.wrl
      (at (xyz 0 0 0))
      (scale (xyz 1 1 1))
      (rotate (xyz 0 0 0))
    )
  )

  (module Capacitor_SMD:C_0603_1608Metric_Pad1.05x0.95mm_HandSolder (layer F.Cu) (tedit 5B301BBE) (tstamp 5DB3ECD6)
    (at 84.582 76.454 270)
    (descr "Capacitor SMD 0603 (1608 Metric), square (rectangular) end terminal, IPC_7351 nominal with elongated pad for handsoldering. (Body size source: http://www.tortai-tech.com/upload/download/2011102023233369053.pdf), generated with kicad-footprint-generator")
    (tags "capacitor handsolder")
    (path /5DA3D705)
    (attr smd)
    (fp_text reference C1 (at 0 1.282 90) (layer F.SilkS)
      (effects (font (size 1 1) (thickness 0.15)))
    )
    (fp_text value 4n7 (at 0 1.43 90) (layer F.Fab)
      (effects (font (size 1 1) (thickness 0.15)))
    )
    (fp_text user %R (at 0 0 90) (layer F.Fab)
      (effects (font (size 0.4 0.4) (thickness 0.06)))
    )
    (fp_line (start 1.65 0.73) (end -1.65 0.73) (layer F.CrtYd) (width 0.05))
    (fp_line (start 1.65 -0.73) (end 1.65 0.73) (layer F.CrtYd) (width 0.05))
    (fp_line (start -1.65 -0.73) (end 1.65 -0.73) (layer F.CrtYd) (width 0.05))
    (fp_line (start -1.65 0.73) (end -1.65 -0.73) (layer F.CrtYd) (width 0.05))
    (fp_line (start -0.171267 0.51) (end 0.171267 0.51) (layer F.SilkS) (width 0.12))
    (fp_line (start -0.171267 -0.51) (end 0.171267 -0.51) (layer F.SilkS) (width 0.12))
    (fp_line (start 0.8 0.4) (end -0.8 0.4) (layer F.Fab) (width 0.1))
    (fp_line (start 0.8 -0.4) (end 0.8 0.4) (layer F.Fab) (width 0.1))
    (fp_line (start -0.8 -0.4) (end 0.8 -0.4) (layer F.Fab) (width 0.1))
    (fp_line (start -0.8 0.4) (end -0.8 -0.4) (layer F.Fab) (width 0.1))
    (pad 2 smd roundrect (at 0.875 0 270) (size 1.05 0.95) (layers F.Cu F.Paste F.Mask) (roundrect_rratio 0.25)
      (net 2 "Net-(C1-Pad2)"))
    (pad 1 smd roundrect (at -0.875 0 270) (size 1.05 0.95) (layers F.Cu F.Paste F.Mask) (roundrect_rratio 0.25)
      (net 1 GND))
    (model ${KISYS3DMOD}/Capacitor_SMD.3dshapes/C_0603_1608Metric.wrl
      (at (xyz 0 0 0))
      (scale (xyz 1 1 1))
      (rotate (xyz 0 0 0))
    )
  )

  (module Capacitor_SMD:C_0603_1608Metric_Pad1.05x0.95mm_HandSolder (layer F.Cu) (tedit 5B301BBE) (tstamp 5DB3B701)
    (at 155.875 109.9 180)
    (descr "Capacitor SMD 0603 (1608 Metric), square (rectangular) end terminal, IPC_7351 nominal with elongated pad for handsoldering. (Body size source: http://www.tortai-tech.com/upload/download/2011102023233369053.pdf), generated with kicad-footprint-generator")
    (tags "capacitor handsolder")
    (path /5E74F322)
    (attr smd)
    (fp_text reference C2 (at -2.625 -0.025) (layer F.SilkS)
      (effects (font (size 1 1) (thickness 0.15)))
    )
    (fp_text value 0.1uF (at 0 1.43) (layer F.Fab)
      (effects (font (size 1 1) (thickness 0.15)))
    )
    (fp_line (start -0.8 0.4) (end -0.8 -0.4) (layer F.Fab) (width 0.1))
    (fp_line (start -0.8 -0.4) (end 0.8 -0.4) (layer F.Fab) (width 0.1))
    (fp_line (start 0.8 -0.4) (end 0.8 0.4) (layer F.Fab) (width 0.1))
    (fp_line (start 0.8 0.4) (end -0.8 0.4) (layer F.Fab) (width 0.1))
    (fp_line (start -0.171267 -0.51) (end 0.171267 -0.51) (layer F.SilkS) (width 0.12))
    (fp_line (start -0.171267 0.51) (end 0.171267 0.51) (layer F.SilkS) (width 0.12))
    (fp_line (start -1.65 0.73) (end -1.65 -0.73) (layer F.CrtYd) (width 0.05))
    (fp_line (start -1.65 -0.73) (end 1.65 -0.73) (layer F.CrtYd) (width 0.05))
    (fp_line (start 1.65 -0.73) (end 1.65 0.73) (layer F.CrtYd) (width 0.05))
    (fp_line (start 1.65 0.73) (end -1.65 0.73) (layer F.CrtYd) (width 0.05))
    (fp_text user %R (at 0 0) (layer F.Fab)
      (effects (font (size 0.4 0.4) (thickness 0.06)))
    )
    (pad 1 smd roundrect (at -0.875 0 180) (size 1.05 0.95) (layers F.Cu F.Paste F.Mask) (roundrect_rratio 0.25)
      (net 3 VCC))
    (pad 2 smd roundrect (at 0.875 0 180) (size 1.05 0.95) (layers F.Cu F.Paste F.Mask) (roundrect_rratio 0.25)
      (net 1 GND))
    (model ${KISYS3DMOD}/Capacitor_SMD.3dshapes/C_0603_1608Metric.wrl
      (at (xyz 0 0 0))
      (scale (xyz 1 1 1))
      (rotate (xyz 0 0 0))
    )
  )

  (module Capacitor_SMD:C_0603_1608Metric_Pad1.05x0.95mm_HandSolder (layer F.Cu) (tedit 5B301BBE) (tstamp 5DB3B712)
    (at 91.6 81.775 90)
    (descr "Capacitor SMD 0603 (1608 Metric), square (rectangular) end terminal, IPC_7351 nominal with elongated pad for handsoldering. (Body size source: http://www.tortai-tech.com/upload/download/2011102023233369053.pdf), generated with kicad-footprint-generator")
    (tags "capacitor handsolder")
    (path /5E7BF3E2)
    (attr smd)
    (fp_text reference C3 (at 0 -1.43 270) (layer F.SilkS)
      (effects (font (size 1 1) (thickness 0.15)))
    )
    (fp_text value 0.1uF (at 0 1.43 270) (layer F.Fab)
      (effects (font (size 1 1) (thickness 0.15)))
    )
    (fp_text user %R (at 0 0 270) (layer F.Fab)
      (effects (font (size 0.4 0.4) (thickness 0.06)))
    )
    (fp_line (start 1.65 0.73) (end -1.65 0.73) (layer F.CrtYd) (width 0.05))
    (fp_line (start 1.65 -0.73) (end 1.65 0.73) (layer F.CrtYd) (width 0.05))
    (fp_line (start -1.65 -0.73) (end 1.65 -0.73) (layer F.CrtYd) (width 0.05))
    (fp_line (start -1.65 0.73) (end -1.65 -0.73) (layer F.CrtYd) (width 0.05))
    (fp_line (start -0.171267 0.51) (end 0.171267 0.51) (layer F.SilkS) (width 0.12))
    (fp_line (start -0.171267 -0.51) (end 0.171267 -0.51) (layer F.SilkS) (width 0.12))
    (fp_line (start 0.8 0.4) (end -0.8 0.4) (layer F.Fab) (width 0.1))
    (fp_line (start 0.8 -0.4) (end 0.8 0.4) (layer F.Fab) (width 0.1))
    (fp_line (start -0.8 -0.4) (end 0.8 -0.4) (layer F.Fab) (width 0.1))
    (fp_line (start -0.8 0.4) (end -0.8 -0.4) (layer F.Fab) (width 0.1))
    (pad 2 smd roundrect (at 0.875 0 90) (size 1.05 0.95) (layers F.Cu F.Paste F.Mask) (roundrect_rratio 0.25)
      (net 3 VCC))
    (pad 1 smd roundrect (at -0.875 0 90) (size 1.05 0.95) (layers F.Cu F.Paste F.Mask) (roundrect_rratio 0.25)
      (net 1 GND))
    (model ${KISYS3DMOD}/Capacitor_SMD.3dshapes/C_0603_1608Metric.wrl
      (at (xyz 0 0 0))
      (scale (xyz 1 1 1))
      (rotate (xyz 0 0 0))
    )
  )

  (module Capacitor_SMD:C_0603_1608Metric_Pad1.05x0.95mm_HandSolder (layer F.Cu) (tedit 5B301BBE) (tstamp 5DB3B734)
    (at 132.6 77.55)
    (descr "Capacitor SMD 0603 (1608 Metric), square (rectangular) end terminal, IPC_7351 nominal with elongated pad for handsoldering. (Body size source: http://www.tortai-tech.com/upload/download/2011102023233369053.pdf), generated with kicad-footprint-generator")
    (tags "capacitor handsolder")
    (path /5E79BEBF)
    (attr smd)
    (fp_text reference C5 (at 2.6 0.05) (layer F.SilkS)
      (effects (font (size 1 1) (thickness 0.15)))
    )
    (fp_text value 0.1uF (at 0 1.43) (layer F.Fab)
      (effects (font (size 1 1) (thickness 0.15)))
    )
    (fp_text user %R (at 0 0) (layer F.Fab)
      (effects (font (size 0.4 0.4) (thickness 0.06)))
    )
    (fp_line (start 1.65 0.73) (end -1.65 0.73) (layer F.CrtYd) (width 0.05))
    (fp_line (start 1.65 -0.73) (end 1.65 0.73) (layer F.CrtYd) (width 0.05))
    (fp_line (start -1.65 -0.73) (end 1.65 -0.73) (layer F.CrtYd) (width 0.05))
    (fp_line (start -1.65 0.73) (end -1.65 -0.73) (layer F.CrtYd) (width 0.05))
    (fp_line (start -0.171267 0.51) (end 0.171267 0.51) (layer F.SilkS) (width 0.12))
    (fp_line (start -0.171267 -0.51) (end 0.171267 -0.51) (layer F.SilkS) (width 0.12))
    (fp_line (start 0.8 0.4) (end -0.8 0.4) (layer F.Fab) (width 0.1))
    (fp_line (start 0.8 -0.4) (end 0.8 0.4) (layer F.Fab) (width 0.1))
    (fp_line (start -0.8 -0.4) (end 0.8 -0.4) (layer F.Fab) (width 0.1))
    (fp_line (start -0.8 0.4) (end -0.8 -0.4) (layer F.Fab) (width 0.1))
    (pad 2 smd roundrect (at 0.875 0) (size 1.05 0.95) (layers F.Cu F.Paste F.Mask) (roundrect_rratio 0.25)
      (net 3 VCC))
    (pad 1 smd roundrect (at -0.875 0) (size 1.05 0.95) (layers F.Cu F.Paste F.Mask) (roundrect_rratio 0.25)
      (net 1 GND))
    (model ${KISYS3DMOD}/Capacitor_SMD.3dshapes/C_0603_1608Metric.wrl
      (at (xyz 0 0 0))
      (scale (xyz 1 1 1))
      (rotate (xyz 0 0 0))
    )
  )

  (module Capacitor_SMD:C_0603_1608Metric_Pad1.05x0.95mm_HandSolder (layer F.Cu) (tedit 5B301BBE) (tstamp 5DB3B745)
    (at 137.05 79.425)
    (descr "Capacitor SMD 0603 (1608 Metric), square (rectangular) end terminal, IPC_7351 nominal with elongated pad for handsoldering. (Body size source: http://www.tortai-tech.com/upload/download/2011102023233369053.pdf), generated with kicad-footprint-generator")
    (tags "capacitor handsolder")
    (path /5E79BEC5)
    (attr smd)
    (fp_text reference C6 (at 0 -1.43) (layer F.SilkS)
      (effects (font (size 1 1) (thickness 0.15)))
    )
    (fp_text value 0.1uF (at 0 1.43) (layer F.Fab)
      (effects (font (size 1 1) (thickness 0.15)))
    )
    (fp_line (start -0.8 0.4) (end -0.8 -0.4) (layer F.Fab) (width 0.1))
    (fp_line (start -0.8 -0.4) (end 0.8 -0.4) (layer F.Fab) (width 0.1))
    (fp_line (start 0.8 -0.4) (end 0.8 0.4) (layer F.Fab) (width 0.1))
    (fp_line (start 0.8 0.4) (end -0.8 0.4) (layer F.Fab) (width 0.1))
    (fp_line (start -0.171267 -0.51) (end 0.171267 -0.51) (layer F.SilkS) (width 0.12))
    (fp_line (start -0.171267 0.51) (end 0.171267 0.51) (layer F.SilkS) (width 0.12))
    (fp_line (start -1.65 0.73) (end -1.65 -0.73) (layer F.CrtYd) (width 0.05))
    (fp_line (start -1.65 -0.73) (end 1.65 -0.73) (layer F.CrtYd) (width 0.05))
    (fp_line (start 1.65 -0.73) (end 1.65 0.73) (layer F.CrtYd) (width 0.05))
    (fp_line (start 1.65 0.73) (end -1.65 0.73) (layer F.CrtYd) (width 0.05))
    (fp_text user %R (at 0 0) (layer F.Fab)
      (effects (font (size 0.4 0.4) (thickness 0.06)))
    )
    (pad 1 smd roundrect (at -0.875 0) (size 1.05 0.95) (layers F.Cu F.Paste F.Mask) (roundrect_rratio 0.25)
      (net 4 +3V3))
    (pad 2 smd roundrect (at 0.875 0) (size 1.05 0.95) (layers F.Cu F.Paste F.Mask) (roundrect_rratio 0.25)
      (net 1 GND))
    (model ${KISYS3DMOD}/Capacitor_SMD.3dshapes/C_0603_1608Metric.wrl
      (at (xyz 0 0 0))
      (scale (xyz 1 1 1))
      (rotate (xyz 0 0 0))
    )
  )

  (module Capacitor_SMD:C_0603_1608Metric_Pad1.05x0.95mm_HandSolder (layer F.Cu) (tedit 5B301BBE) (tstamp 5DB3B756)
    (at 123.675 82.475)
    (descr "Capacitor SMD 0603 (1608 Metric), square (rectangular) end terminal, IPC_7351 nominal with elongated pad for handsoldering. (Body size source: http://www.tortai-tech.com/upload/download/2011102023233369053.pdf), generated with kicad-footprint-generator")
    (tags "capacitor handsolder")
    (path /5E797298)
    (attr smd)
    (fp_text reference C7 (at 0 -1.43) (layer F.SilkS)
      (effects (font (size 1 1) (thickness 0.15)))
    )
    (fp_text value 0.1uF (at 0 1.43) (layer F.Fab)
      (effects (font (size 1 1) (thickness 0.15)))
    )
    (fp_text user %R (at 0 0) (layer F.Fab)
      (effects (font (size 0.4 0.4) (thickness 0.06)))
    )
    (fp_line (start 1.65 0.73) (end -1.65 0.73) (layer F.CrtYd) (width 0.05))
    (fp_line (start 1.65 -0.73) (end 1.65 0.73) (layer F.CrtYd) (width 0.05))
    (fp_line (start -1.65 -0.73) (end 1.65 -0.73) (layer F.CrtYd) (width 0.05))
    (fp_line (start -1.65 0.73) (end -1.65 -0.73) (layer F.CrtYd) (width 0.05))
    (fp_line (start -0.171267 0.51) (end 0.171267 0.51) (layer F.SilkS) (width 0.12))
    (fp_line (start -0.171267 -0.51) (end 0.171267 -0.51) (layer F.SilkS) (width 0.12))
    (fp_line (start 0.8 0.4) (end -0.8 0.4) (layer F.Fab) (width 0.1))
    (fp_line (start 0.8 -0.4) (end 0.8 0.4) (layer F.Fab) (width 0.1))
    (fp_line (start -0.8 -0.4) (end 0.8 -0.4) (layer F.Fab) (width 0.1))
    (fp_line (start -0.8 0.4) (end -0.8 -0.4) (layer F.Fab) (width 0.1))
    (pad 2 smd roundrect (at 0.875 0) (size 1.05 0.95) (layers F.Cu F.Paste F.Mask) (roundrect_rratio 0.25)
      (net 3 VCC))
    (pad 1 smd roundrect (at -0.875 0) (size 1.05 0.95) (layers F.Cu F.Paste F.Mask) (roundrect_rratio 0.25)
      (net 1 GND))
    (model ${KISYS3DMOD}/Capacitor_SMD.3dshapes/C_0603_1608Metric.wrl
      (at (xyz 0 0 0))
      (scale (xyz 1 1 1))
      (rotate (xyz 0 0 0))
    )
  )

  (module Capacitor_SMD:C_0603_1608Metric_Pad1.05x0.95mm_HandSolder (layer F.Cu) (tedit 5B301BBE) (tstamp 5DB7022A)
    (at 131.6 82.625)
    (descr "Capacitor SMD 0603 (1608 Metric), square (rectangular) end terminal, IPC_7351 nominal with elongated pad for handsoldering. (Body size source: http://www.tortai-tech.com/upload/download/2011102023233369053.pdf), generated with kicad-footprint-generator")
    (tags "capacitor handsolder")
    (path /5E798778)
    (attr smd)
    (fp_text reference C8 (at 2.7 0.375) (layer F.SilkS)
      (effects (font (size 1 1) (thickness 0.15)))
    )
    (fp_text value 0.1uF (at 0 1.43) (layer F.Fab)
      (effects (font (size 1 1) (thickness 0.15)))
    )
    (fp_line (start -0.8 0.4) (end -0.8 -0.4) (layer F.Fab) (width 0.1))
    (fp_line (start -0.8 -0.4) (end 0.8 -0.4) (layer F.Fab) (width 0.1))
    (fp_line (start 0.8 -0.4) (end 0.8 0.4) (layer F.Fab) (width 0.1))
    (fp_line (start 0.8 0.4) (end -0.8 0.4) (layer F.Fab) (width 0.1))
    (fp_line (start -0.171267 -0.51) (end 0.171267 -0.51) (layer F.SilkS) (width 0.12))
    (fp_line (start -0.171267 0.51) (end 0.171267 0.51) (layer F.SilkS) (width 0.12))
    (fp_line (start -1.65 0.73) (end -1.65 -0.73) (layer F.CrtYd) (width 0.05))
    (fp_line (start -1.65 -0.73) (end 1.65 -0.73) (layer F.CrtYd) (width 0.05))
    (fp_line (start 1.65 -0.73) (end 1.65 0.73) (layer F.CrtYd) (width 0.05))
    (fp_line (start 1.65 0.73) (end -1.65 0.73) (layer F.CrtYd) (width 0.05))
    (fp_text user %R (at 0 0) (layer F.Fab)
      (effects (font (size 0.4 0.4) (thickness 0.06)))
    )
    (pad 1 smd roundrect (at -0.875 0) (size 1.05 0.95) (layers F.Cu F.Paste F.Mask) (roundrect_rratio 0.25)
      (net 4 +3V3))
    (pad 2 smd roundrect (at 0.875 0) (size 1.05 0.95) (layers F.Cu F.Paste F.Mask) (roundrect_rratio 0.25)
      (net 1 GND))
    (model ${KISYS3DMOD}/Capacitor_SMD.3dshapes/C_0603_1608Metric.wrl
      (at (xyz 0 0 0))
      (scale (xyz 1 1 1))
      (rotate (xyz 0 0 0))
    )
  )

  (module Capacitor_SMD:C_0603_1608Metric_Pad1.05x0.95mm_HandSolder (layer F.Cu) (tedit 5B301BBE) (tstamp 5DB3B778)
    (at 177.546 75.184 270)
    (descr "Capacitor SMD 0603 (1608 Metric), square (rectangular) end terminal, IPC_7351 nominal with elongated pad for handsoldering. (Body size source: http://www.tortai-tech.com/upload/download/2011102023233369053.pdf), generated with kicad-footprint-generator")
    (tags "capacitor handsolder")
    (path /5DA5322E)
    (attr smd)
    (fp_text reference C9 (at 0 -1.43 90) (layer F.SilkS)
      (effects (font (size 1 1) (thickness 0.15)))
    )
    (fp_text value 4n7 (at 0 1.43 90) (layer F.Fab)
      (effects (font (size 1 1) (thickness 0.15)))
    )
    (fp_line (start -0.8 0.4) (end -0.8 -0.4) (layer F.Fab) (width 0.1))
    (fp_line (start -0.8 -0.4) (end 0.8 -0.4) (layer F.Fab) (width 0.1))
    (fp_line (start 0.8 -0.4) (end 0.8 0.4) (layer F.Fab) (width 0.1))
    (fp_line (start 0.8 0.4) (end -0.8 0.4) (layer F.Fab) (width 0.1))
    (fp_line (start -0.171267 -0.51) (end 0.171267 -0.51) (layer F.SilkS) (width 0.12))
    (fp_line (start -0.171267 0.51) (end 0.171267 0.51) (layer F.SilkS) (width 0.12))
    (fp_line (start -1.65 0.73) (end -1.65 -0.73) (layer F.CrtYd) (width 0.05))
    (fp_line (start -1.65 -0.73) (end 1.65 -0.73) (layer F.CrtYd) (width 0.05))
    (fp_line (start 1.65 -0.73) (end 1.65 0.73) (layer F.CrtYd) (width 0.05))
    (fp_line (start 1.65 0.73) (end -1.65 0.73) (layer F.CrtYd) (width 0.05))
    (fp_text user %R (at 0 0 90) (layer F.Fab)
      (effects (font (size 0.4 0.4) (thickness 0.06)))
    )
    (pad 1 smd roundrect (at -0.875 0 270) (size 1.05 0.95) (layers F.Cu F.Paste F.Mask) (roundrect_rratio 0.25)
      (net 1 GND))
    (pad 2 smd roundrect (at 0.875 0 270) (size 1.05 0.95) (layers F.Cu F.Paste F.Mask) (roundrect_rratio 0.25)
      (net 5 "Net-(C9-Pad2)"))
    (model ${KISYS3DMOD}/Capacitor_SMD.3dshapes/C_0603_1608Metric.wrl
      (at (xyz 0 0 0))
      (scale (xyz 1 1 1))
      (rotate (xyz 0 0 0))
    )
  )

  (module LED_SMD:LED_0603_1608Metric_Pad1.05x0.95mm_HandSolder (layer F.Cu) (tedit 5B4B45C9) (tstamp 5DB3B78B)
    (at 88.28 76.55 90)
    (descr "LED SMD 0603 (1608 Metric), square (rectangular) end terminal, IPC_7351 nominal, (Body size source: http://www.tortai-tech.com/upload/download/2011102023233369053.pdf), generated with kicad-footprint-generator")
    (tags "LED handsolder")
    (path /5E5EF871)
    (attr smd)
    (fp_text reference D1 (at 0 -1.43 90) (layer F.SilkS)
      (effects (font (size 1 1) (thickness 0.15)))
    )
    (fp_text value LED (at 0 1.43 90) (layer F.Fab)
      (effects (font (size 1 1) (thickness 0.15)))
    )
    (fp_line (start 0.8 -0.4) (end -0.5 -0.4) (layer F.Fab) (width 0.1))
    (fp_line (start -0.5 -0.4) (end -0.8 -0.1) (layer F.Fab) (width 0.1))
    (fp_line (start -0.8 -0.1) (end -0.8 0.4) (layer F.Fab) (width 0.1))
    (fp_line (start -0.8 0.4) (end 0.8 0.4) (layer F.Fab) (width 0.1))
    (fp_line (start 0.8 0.4) (end 0.8 -0.4) (layer F.Fab) (width 0.1))
    (fp_line (start 0.8 -0.735) (end -1.66 -0.735) (layer F.SilkS) (width 0.12))
    (fp_line (start -1.66 -0.735) (end -1.66 0.735) (layer F.SilkS) (width 0.12))
    (fp_line (start -1.66 0.735) (end 0.8 0.735) (layer F.SilkS) (width 0.12))
    (fp_line (start -1.65 0.73) (end -1.65 -0.73) (layer F.CrtYd) (width 0.05))
    (fp_line (start -1.65 -0.73) (end 1.65 -0.73) (layer F.CrtYd) (width 0.05))
    (fp_line (start 1.65 -0.73) (end 1.65 0.73) (layer F.CrtYd) (width 0.05))
    (fp_line (start 1.65 0.73) (end -1.65 0.73) (layer F.CrtYd) (width 0.05))
    (fp_text user %R (at 0 0 90) (layer F.Fab)
      (effects (font (size 0.4 0.4) (thickness 0.06)))
    )
    (pad 1 smd roundrect (at -0.875 0 90) (size 1.05 0.95) (layers F.Cu F.Paste F.Mask) (roundrect_rratio 0.25)
      (net 1 GND))
    (pad 2 smd roundrect (at 0.875 0 90) (size 1.05 0.95) (layers F.Cu F.Paste F.Mask) (roundrect_rratio 0.25)
      (net 6 "Net-(D1-Pad2)"))
    (model ${KISYS3DMOD}/LED_SMD.3dshapes/LED_0603_1608Metric.wrl
      (at (xyz 0 0 0))
      (scale (xyz 1 1 1))
      (rotate (xyz 0 0 0))
    )
  )

  (module Connector_RJ:RJ45_BEL_SS74301-00x_Vertical (layer F.Cu) (tedit 5C425612) (tstamp 5DB6FC6A)
    (at 164.1 83.312 180)
    (descr https://belfuse.com/resources/drawings/stewartconnector/dr-stw-ss-74301-001-ss-74301-002-ss-74301-005.pdf)
    (tags "RJ45 Vertical Shield LED Green Yellow")
    (path /5D949D95)
    (fp_text reference J2 (at 4.5 -5.388) (layer F.SilkS)
      (effects (font (size 1 1) (thickness 0.15)))
    )
    (fp_text value RJ45_LED (at 4.445 2.54) (layer F.Fab)
      (effects (font (size 1 1) (thickness 0.15)))
    )
    (fp_line (start -3.81 13.1318) (end 12.7 13.1318) (layer F.Fab) (width 0.1))
    (fp_line (start -3.81 -4.1402) (end -3.81 13.1318) (layer F.Fab) (width 0.1))
    (fp_line (start 12.7 -4.1402) (end 12.7 13.1318) (layer F.Fab) (width 0.1))
    (fp_line (start -3.81 -4.1402) (end 12.7 -4.1402) (layer F.Fab) (width 0.1))
    (fp_line (start -4.06 -4.39) (end 12.95 -4.39) (layer F.CrtYd) (width 0.05))
    (fp_line (start 12.95 3.85) (end 12.95 13.38) (layer F.CrtYd) (width 0.05))
    (fp_line (start 12.95 13.38) (end -4.06 13.38) (layer F.CrtYd) (width 0.05))
    (fp_line (start -4.06 13.38) (end -4.06 3.85) (layer F.CrtYd) (width 0.05))
    (fp_line (start -4.95 3.85) (end -4.95 1.05) (layer F.CrtYd) (width 0.05))
    (fp_line (start -4.06 1.05) (end -4.06 -4.39) (layer F.CrtYd) (width 0.05))
    (fp_line (start 13.85 3.85) (end 13.85 1.05) (layer F.CrtYd) (width 0.05))
    (fp_line (start 12.95 1.05) (end 12.95 -4.39) (layer F.CrtYd) (width 0.05))
    (fp_line (start -3.95 13.3) (end 12.85 13.3) (layer F.SilkS) (width 0.12))
    (fp_line (start -3.95 13.2) (end -3.95 3.9) (layer F.SilkS) (width 0.12))
    (fp_line (start -3.95 -4.3) (end 12.85 -4.3) (layer F.SilkS) (width 0.12))
    (fp_line (start 12.85 -4.3) (end 12.85 1) (layer F.SilkS) (width 0.12))
    (fp_line (start -3.95 -4.3) (end -3.95 1) (layer F.SilkS) (width 0.12))
    (fp_line (start 12.85 13.3) (end 12.85 3.9) (layer F.SilkS) (width 0.12))
    (fp_text user %R (at 4.445 4.85) (layer F.Fab)
      (effects (font (size 1 1) (thickness 0.15)))
    )
    (fp_line (start -4 0) (end -4.5 -0.5) (layer F.SilkS) (width 0.12))
    (fp_line (start -4.5 -0.5) (end -4.5 0.5) (layer F.SilkS) (width 0.12))
    (fp_line (start -4.5 0.5) (end -4 0) (layer F.SilkS) (width 0.12))
    (fp_line (start -3.8 -0.5) (end -3.3 0) (layer F.Fab) (width 0.1))
    (fp_line (start -3.8 0.5) (end -3.3 0) (layer F.Fab) (width 0.1))
    (fp_line (start -4.7 2.5) (end -4.7 1.35) (layer F.Fab) (width 0.1))
    (fp_line (start 12.95 1.05) (end 13.85 1.05) (layer F.CrtYd) (width 0.05))
    (fp_line (start 12.95 3.85) (end 13.85 3.85) (layer F.CrtYd) (width 0.05))
    (fp_line (start -4.06 1.05) (end -4.95 1.05) (layer F.CrtYd) (width 0.05))
    (fp_line (start -4.06 3.85) (end -4.95 3.85) (layer F.CrtYd) (width 0.05))
    (pad 1 thru_hole rect (at 0 0 180) (size 1.778 1.778) (drill 0.889) (layers *.Cu *.Mask)
      (net 1 GND))
    (pad 2 thru_hole circle (at 1.27 -2.54 180) (size 1.778 1.778) (drill 0.889) (layers *.Cu *.Mask)
      (net 11 +12V))
    (pad 3 thru_hole circle (at 2.54 0 180) (size 1.778 1.778) (drill 0.889) (layers *.Cu *.Mask)
      (net 32 /CANBUS_LOW))
    (pad 4 thru_hole circle (at 3.81 -2.54 180) (size 1.778 1.778) (drill 0.889) (layers *.Cu *.Mask)
      (net 8 WIRE_GOOD_0))
    (pad 5 thru_hole circle (at 5.08 0 180) (size 1.778 1.778) (drill 0.889) (layers *.Cu *.Mask)
      (net 10 MODULE_GOOD_0))
    (pad 6 thru_hole circle (at 6.35 -2.54 180) (size 1.778 1.778) (drill 0.889) (layers *.Cu *.Mask)
      (net 31 /CANBUS_HIGH))
    (pad 7 thru_hole circle (at 7.62 0 180) (size 1.778 1.778) (drill 0.889) (layers *.Cu *.Mask)
      (net 1 GND))
    (pad 8 thru_hole circle (at 8.89 -2.54 180) (size 1.778 1.778) (drill 0.889) (layers *.Cu *.Mask)
      (net 3 VCC))
    (pad 12 thru_hole circle (at -1.8796 10.4648 180) (size 2.032 2.032) (drill 1.016) (layers *.Cu *.Mask)
      (net 9 "Net-(J2-Pad12)"))
    (pad 11 thru_hole circle (at 0.635 10.4648 180) (size 2.032 2.032) (drill 1.016) (layers *.Cu *.Mask)
      (net 1 GND))
    (pad 9 thru_hole circle (at 10.7442 10.4648 180) (size 2.032 2.032) (drill 1.016) (layers *.Cu *.Mask)
      (net 8 WIRE_GOOD_0))
    (pad 10 thru_hole circle (at 8.2296 10.4648 180) (size 2.032 2.032) (drill 1.016) (layers *.Cu *.Mask)
      (net 7 "Net-(J2-Pad10)"))
    (pad SH thru_hole circle (at -3.429 2.4638 180) (size 2.54 2.54) (drill 1.651) (layers *.Cu *.Mask))
    (pad SH thru_hole circle (at 12.319 2.4638 180) (size 2.54 2.54) (drill 1.651) (layers *.Cu *.Mask))
    (pad "" np_thru_hole circle (at -1.27 6.35 180) (size 3.2512 3.2512) (drill 3.2512) (layers *.Cu *.Mask))
    (pad "" np_thru_hole circle (at 10.16 6.35 180) (size 3.2512 3.2512) (drill 3.2512) (layers *.Cu *.Mask))
    (model ${KISYS3DMOD}/Connector_RJ.3dshapes/RJ45_BEL_SS74301-00x_Vertical.wrl
      (at (xyz 0 0 0))
      (scale (xyz 1 1 1))
      (rotate (xyz 0 0 0))
    )
  )

  (module Connector_RJ:RJ45_BEL_SS74301-00x_Vertical (layer F.Cu) (tedit 5C425612) (tstamp 5DB3B82F)
    (at 95.4 106.2)
    (descr https://belfuse.com/resources/drawings/stewartconnector/dr-stw-ss-74301-001-ss-74301-002-ss-74301-005.pdf)
    (tags "RJ45 Vertical Shield LED Green Yellow")
    (path /5D9A3286)
    (fp_text reference J5 (at 4.445 -5.4) (layer F.SilkS)
      (effects (font (size 1 1) (thickness 0.15)))
    )
    (fp_text value RJ45_LED (at 4.445 2.54) (layer F.Fab)
      (effects (font (size 1 1) (thickness 0.15)))
    )
    (fp_line (start -4.06 3.85) (end -4.95 3.85) (layer F.CrtYd) (width 0.05))
    (fp_line (start -4.06 1.05) (end -4.95 1.05) (layer F.CrtYd) (width 0.05))
    (fp_line (start 12.95 3.85) (end 13.85 3.85) (layer F.CrtYd) (width 0.05))
    (fp_line (start 12.95 1.05) (end 13.85 1.05) (layer F.CrtYd) (width 0.05))
    (fp_line (start -4.7 2.5) (end -4.7 1.35) (layer F.Fab) (width 0.1))
    (fp_line (start -3.8 0.5) (end -3.3 0) (layer F.Fab) (width 0.1))
    (fp_line (start -3.8 -0.5) (end -3.3 0) (layer F.Fab) (width 0.1))
    (fp_line (start -4.5 0.5) (end -4 0) (layer F.SilkS) (width 0.12))
    (fp_line (start -4.5 -0.5) (end -4.5 0.5) (layer F.SilkS) (width 0.12))
    (fp_line (start -4 0) (end -4.5 -0.5) (layer F.SilkS) (width 0.12))
    (fp_text user %R (at 4.445 4.85) (layer F.Fab)
      (effects (font (size 1 1) (thickness 0.15)))
    )
    (fp_line (start 12.85 13.3) (end 12.85 3.9) (layer F.SilkS) (width 0.12))
    (fp_line (start -3.95 -4.3) (end -3.95 1) (layer F.SilkS) (width 0.12))
    (fp_line (start 12.85 -4.3) (end 12.85 1) (layer F.SilkS) (width 0.12))
    (fp_line (start -3.95 -4.3) (end 12.85 -4.3) (layer F.SilkS) (width 0.12))
    (fp_line (start -3.95 13.2) (end -3.95 3.9) (layer F.SilkS) (width 0.12))
